0;-0.220953005264;-0.118367681392
0;-0.252517720302;-0.149932396429
1;-0.252517720302;-0.118367681392
2;-0.252517720302;-0.118367681392
3;-0.252517720302;-0.118367681392
4;-0.252517720302;-0.149932396429
5;-0.252517720302;-0.149932396429
6;-0.27619125658;-0.118367681392
7;-0.252517720302;-0.118367681392
8;-0.220953005264;-0.181497111467
9;-0.252517720302;-0.118367681392
10;-0.252517720302;-0.0789117875944
11;-0.252517720302;-0.118367681392
12;-0.252517720302;-0.149932396429
13;-0.252517720302;-0.149932396429
14;-0.252517720302;-0.118367681392
15;-0.220953005264;-0.149932396429
16;-0.27619125658;-0.118367681392
17;-0.220953005264;-0.181497111467
18;-0.220953005264;-0.149932396429
19;-0.220953005264;-0.149932396429
20;-0.220953005264;-0.149932396429
21;-0.252517720302;-0.118367681392
22;-0.220953005264;-0.118367681392
23;-0.220953005264;-0.181497111467
24;-0.252517720302;-0.118367681392
25;-0.220953005264;-0.149932396429
26;-0.220953005264;-0.149932396429
27;-0.220953005264;-0.181497111467
28;-0.220953005264;-0.181497111467
29;-0.197279468986;-0.181497111467
30;-0.220953005264;-0.149932396429
31;-0.220953005264;-0.181497111467
32;-0.197279468986;-0.149932396429
33;-0.220953005264;-0.181497111467
34;-0.220953005264;-0.149932396429
35;-0.197279468986;-0.118367681392
36;-0.197279468986;-0.149932396429
37;-0.220953005264;-0.149932396429
38;-0.220953005264;-0.118367681392
39;-0.197279468986;-0.181497111467
40;-0.220953005264;-0.149932396429
41;-0.197279468986;-0.181497111467
42;-0.220953005264;-0.118367681392
43;-0.220953005264;-0.149932396429
44;-0.220953005264;-0.118367681392
45;-0.220953005264;-0.149932396429
46;-0.197279468986;-0.149932396429
47;-0.220953005264;-0.181497111467
48;-0.220953005264;-0.149932396429
49;-0.220953005264;-0.149932396429
50;-0.252517720302;-0.118367681392
51;-0.220953005264;-0.181497111467
52;-0.252517720302;-0.118367681392
53;-0.197279468986;-0.0789117875944
54;-0.220953005264;-0.149932396429
55;-0.165714753948;-0.149932396429
56;-0.197279468986;-0.149932396429
57;-0.220953005264;-0.118367681392
58;-0.220953005264;-0.181497111467
59;-0.220953005264;-0.0789117875944
60;-0.220953005264;-0.118367681392
61;-0.220953005264;-0.0789117875944
62;-0.220953005264;-0.0789117875944
63;-0.197279468986;-0.149932396429
64;-0.220953005264;-0.118367681392
65;-0.220953005264;-0.181497111467
66;-0.197279468986;-0.149932396429
67;-0.197279468986;-0.118367681392
68;-0.220953005264;-0.149932396429
69;-0.197279468986;-0.149932396429
70;-0.220953005264;-0.149932396429
71;-0.220953005264;-0.118367681392
72;-0.197279468986;-0.149932396429
73;-0.220953005264;-0.118367681392
74;-0.220953005264;-0.149932396429
75;-0.220953005264;-0.149932396429
76;-0.220953005264;-0.149932396429
77;-0.197279468986;-0.118367681392
78;-0.220953005264;-0.149932396429
79;-0.220953005264;-0.118367681392
80;-0.220953005264;-0.149932396429
81;-0.220953005264;-0.149932396429
82;-0.220953005264;-0.118367681392
83;-0.220953005264;-0.149932396429
84;-0.220953005264;-0.118367681392
85;-0.252517720302;-0.118367681392
86;-0.220953005264;-0.149932396429
87;-0.220953005264;-0.118367681392
88;-0.220953005264;-0.118367681392
89;-0.220953005264;-0.0789117875944
90;-0.220953005264;-0.149932396429
91;-0.197279468986;-0.118367681392
92;-0.197279468986;-0.149932396429
93;-0.220953005264;-0.118367681392
94;-0.220953005264;-0.118367681392
95;-0.220953005264;-0.0789117875944
96;-0.197279468986;-0.118367681392
97;-0.220953005264;-0.118367681392
98;-0.220953005264;-0.0789117875944
99;-0.220953005264;-0.149932396429
100;-0.220953005264;-0.118367681392
101;-0.220953005264;-0.149932396429
102;-0.220953005264;-0.0789117875944
103;-0.220953005264;-0.149932396429
104;-0.220953005264;-0.0789117875944
105;-0.197279468986;-0.149932396429
106;-0.220953005264;-0.149932396429
107;-0.220953005264;-0.118367681392
108;-0.220953005264;-0.118367681392
109;-0.220953005264;-0.0789117875944
110;-0.220953005264;-0.118367681392
111;-0.220953005264;-0.149932396429
112;-0.252517720302;-0.149932396429
113;-0.220953005264;-0.118367681392
114;-0.197279468986;-0.118367681392
115;-0.220953005264;-0.118367681392
116;-0.197279468986;-0.149932396429
117;-0.220953005264;-0.118367681392
118;-0.220953005264;-0.149932396429
119;-0.220953005264;-0.118367681392
120;-0.220953005264;-0.149932396429
121;-0.220953005264;-0.149932396429
122;-0.220953005264;-0.149932396429
123;-0.197279468986;-0.118367681392
124;-0.220953005264;-0.149932396429
125;-0.220953005264;-0.118367681392
126;-0.220953005264;-0.118367681392
127;-0.197279468986;-0.0789117875944
128;-0.197279468986;-0.118367681392
129;-0.220953005264;-0.149932396429
130;-0.197279468986;-0.118367681392
131;-0.197279468986;-0.149932396429
132;-0.165714753948;-0.118367681392
133;-0.220953005264;-0.118367681392
134;-0.220953005264;-0.149932396429
135;-0.165714753948;-0.149932396429
136;-0.197279468986;-0.118367681392
137;-0.197279468986;-0.0789117875944
138;-0.197279468986;-0.149932396429
139;-0.220953005264;-0.0789117875944
140;-0.197279468986;-0.118367681392
141;-0.197279468986;-0.0789117875944
142;-0.220953005264;-0.149932396429
143;-0.165714753948;-0.118367681392
144;-0.197279468986;-0.118367681392
145;-0.197279468986;-0.149932396429
146;-0.165714753948;-0.118367681392
147;-0.197279468986;-0.149932396429
148;-0.220953005264;-0.118367681392
149;-0.220953005264;-0.149932396429
150;-0.220953005264;-0.118367681392
151;-0.220953005264;-0.149932396429
152;-0.220953005264;-0.118367681392
153;-0.220953005264;-0.118367681392
154;-0.165714753948;-0.118367681392
155;-0.220953005264;-0.149932396429
156;-0.220953005264;-0.118367681392
157;-0.220953005264;-0.118367681392
158;-0.220953005264;-0.149932396429
159;-0.220953005264;-0.149932396429
160;-0.197279468986;-0.0789117875944
161;-0.220953005264;-0.118367681392
162;-0.197279468986;-0.181497111467
163;-0.197279468986;-0.149932396429
164;-0.197279468986;-0.118367681392
165;-0.220953005264;-0.118367681392
166;-0.220953005264;-0.118367681392
167;-0.220953005264;-0.118367681392
168;-0.220953005264;-0.118367681392
169;-0.220953005264;-0.0789117875944
170;-0.220953005264;-0.149932396429
171;-0.220953005264;-0.0789117875944
172;-0.220953005264;-0.118367681392
173;-0.197279468986;-0.149932396429
174;-0.165714753948;-0.149932396429
175;-0.165714753948;-0.149932396429
176;-0.220953005264;-0.149932396429
177;-0.165714753948;-0.118367681392
178;-0.197279468986;-0.149932396429
179;-0.197279468986;-0.149932396429
180;-0.197279468986;-0.118367681392
181;-0.197279468986;-0.149932396429
182;-0.220953005264;-0.149932396429
183;-0.197279468986;-0.0789117875944
184;-0.220953005264;-0.118367681392
185;-0.197279468986;-0.149932396429
186;-0.197279468986;-0.149932396429
187;-0.197279468986;-0.118367681392
188;-0.197279468986;-0.118367681392
189;-0.197279468986;-0.149932396429
190;-0.197279468986;-0.118367681392
191;-0.197279468986;-0.118367681392
192;-0.220953005264;-0.149932396429
193;-0.165714753948;-0.118367681392
194;-0.165714753948;-0.149932396429
195;-0.197279468986;-0.118367681392
196;-0.197279468986;-0.118367681392
197;-0.197279468986;-0.118367681392
198;-0.197279468986;-0.118367681392
199;-0.252517720302;-0.0789117875944
200;-0.165714753948;-0.0789117875944
201;-0.220953005264;-0.118367681392
202;-0.220953005264;-0.149932396429
203;-0.220953005264;-0.149932396429
204;-0.197279468986;-0.118367681392
205;-0.220953005264;-0.149932396429
206;-0.197279468986;-0.118367681392
207;-0.197279468986;-0.118367681392
208;-0.220953005264;-0.118367681392
209;-0.220953005264;-0.118367681392
210;-0.197279468986;-0.149932396429
211;-0.197279468986;-0.181497111467
212;-0.220953005264;-0.149932396429
213;-0.197279468986;-0.118367681392
214;-0.197279468986;-0.118367681392
215;-0.220953005264;-0.118367681392
216;-0.197279468986;-0.118367681392
217;-0.220953005264;-0.118367681392
218;-0.220953005264;-0.118367681392
219;-0.197279468986;-0.118367681392
220;-0.197279468986;-0.118367681392
221;-0.197279468986;-0.149932396429
222;-0.220953005264;-0.118367681392
223;-0.197279468986;-0.118367681392
224;-0.197279468986;-0.118367681392
225;-0.197279468986;-0.118367681392
226;-0.165714753948;-0.118367681392
227;-0.165714753948;-0.118367681392
228;-0.197279468986;-0.118367681392
229;-0.165714753948;-0.149932396429
230;-0.197279468986;-0.0789117875944
231;-0.165714753948;-0.0789117875944
232;-0.220953005264;-0.0789117875944
233;-0.197279468986;-0.149932396429
234;-0.197279468986;-0.149932396429
235;-0.165714753948;-0.118367681392
236;-0.197279468986;-0.0789117875944
237;-0.197279468986;-0.118367681392
238;-0.197279468986;-0.149932396429
239;-0.220953005264;-0.149932396429
240;-0.165714753948;-0.118367681392
241;-0.165714753948;-0.118367681392
242;-0.165714753948;-0.118367681392
243;-0.165714753948;-0.149932396429
244;-0.165714753948;-0.149932396429
245;-0.197279468986;-0.149932396429
246;-0.197279468986;-0.149932396429
247;-0.220953005264;-0.149932396429
248;-0.220953005264;-0.149932396429
249;-0.220953005264;-0.118367681392
250;-0.197279468986;-0.149932396429
251;-0.197279468986;-0.118367681392
252;-0.220953005264;-0.118367681392
253;-0.220953005264;-0.149932396429
254;-0.220953005264;-0.118367681392
255;-0.197279468986;-0.118367681392
256;-0.220953005264;-0.0789117875944
257;-0.197279468986;-0.118367681392
258;-0.197279468986;-0.0789117875944
259;-0.197279468986;-0.118367681392
260;-0.197279468986;-0.149932396429
261;-0.197279468986;-0.118367681392
262;-0.197279468986;-0.118367681392
263;-0.197279468986;-0.118367681392
264;-0.165714753948;-0.118367681392
265;-0.197279468986;-0.118367681392
266;-0.197279468986;-0.118367681392
267;-0.197279468986;-0.118367681392
268;-0.197279468986;-0.118367681392
269;-0.197279468986;-0.149932396429
270;-0.165714753948;-0.118367681392
271;-0.197279468986;-0.149932396429
272;-0.197279468986;-0.118367681392
273;-0.165714753948;-0.118367681392
274;-0.197279468986;-0.118367681392
275;-0.220953005264;-0.118367681392
276;-0.197279468986;-0.118367681392
277;-0.197279468986;-0.149932396429
278;-0.165714753948;-0.0789117875944
279;-0.165714753948;-0.118367681392
280;-0.197279468986;-0.118367681392
281;-0.197279468986;-0.118367681392
282;-0.165714753948;-0.181497111467
283;-0.134150038911;-0.118367681392
284;-0.197279468986;-0.118367681392
285;-0.165714753948;-0.118367681392
286;-0.197279468986;-0.149932396429
287;-0.165714753948;-0.118367681392
288;-0.197279468986;-0.149932396429
289;-0.197279468986;-0.149932396429
290;-0.197279468986;-0.118367681392
291;-0.197279468986;-0.0789117875944
292;-0.197279468986;-0.149932396429
293;-0.165714753948;-0.149932396429
294;-0.165714753948;-0.118367681392
295;-0.165714753948;-0.118367681392
296;-0.197279468986;-0.118367681392
297;-0.220953005264;-0.149932396429
298;-0.197279468986;-0.149932396429
299;-0.197279468986;-0.149932396429
300;-0.197279468986;-0.0473470725566
301;-0.197279468986;-0.118367681392
302;-0.197279468986;-0.28408243534
303;-0.197279468986;-0.28408243534
304;-0.197279468986;-0.386667759213
305;-0.197279468986;-0.386667759213
306;-0.165714753948;-0.457688368048
307;-0.220953005264;-0.457688368048
308;-0.220953005264;-0.457688368048
309;-0.220953005264;-0.520817798123
310;-0.197279468986;-0.489253083085
311;-0.197279468986;-0.520817798123
312;-0.197279468986;-0.457688368048
313;-0.197279468986;-0.457688368048
314;-0.197279468986;-0.520817798123
315;-0.197279468986;-0.623403121996
316;-0.197279468986;-0.56027369192
317;-0.220953005264;-0.520817798123
318;-0.197279468986;-0.520817798123
319;-0.197279468986;-0.623403121996
320;-0.197279468986;-0.765444339666
321;-0.197279468986;-0.868029663539
322;-0.165714753948;-0.931159093614
323;-0.197279468986;-0.899594378576
324;-0.197279468986;-0.899594378576
325;-0.197279468986;-0.899594378576
326;-0.134150038911;-0.868029663539
327;-0.165714753948;-0.931159093614
328;-0.134150038911;-0.931159093614
329;-0.165714753948;-0.931159093614
330;-0.197279468986;-0.931159093614
331;-0.220953005264;-0.931159093614
332;-0.165714753948;-1.06530913252
333;-0.220953005264;-0.931159093614
334;-0.165714753948;-0.931159093614
335;-0.134150038911;-0.899594378576
336;-0.165714753948;-0.520817798123
337;-0.165714753948;-0.489253083085
338;-0.197279468986;0.0473470725566
339;-0.165714753948;0.220953005264
340;-0.197279468986;0.386667759213
341;-0.165714753948;0.252517720302
342;-0.197279468986;0.181497111467
343;-0.134150038911;0.662859015793
344;-0.165714753948;7.46505510643
346;-0.134150038911;11.0634326207
347;-0.197279468986;13.6438480751
348;-0.197279468986;17.518416846
349;-0.197279468986;20.6433236347
350;-0.197279468986;25.259663209
351;-0.220953005264;27.3666079377
352;-0.197279468986;21.8980210575
353;-0.197279468986;22.4425123919
354;-0.220953005264;24.5810218357
355;-0.220953005264;26.2066046601
356;-0.220953005264;26.9168107485
357;-0.197279468986;27.2640226139
358;-0.197279468986;28.013684596
359;-0.165714753948;28.7554553994
360;-0.197279468986;28.3530052827
361;-0.220953005264;27.6349080156
362;-0.197279468986;26.7826607095
363;-0.220953005264;26.5774900618
364;-0.220953005264;27.0193960723
365;-0.197279468986;26.7510959945
366;-0.197279468986;13.3755479973
367;-0.220953005264;6.74695783932
368;-0.220953005264;4.91620436713
369;-0.220953005264;3.28273036393
370;-0.220953005264;2.09116237125
371;-0.220953005264;1.68082107576
372;-0.220953005264;1.54667103685
373;-0.197279468986;1.7518416846
374;-0.165714753948;1.10476502632
375;-0.197279468986;0.765444339666
376;-0.165714753948;0.520817798123
377;-0.197279468986;-0.252517720302
378;-0.197279468986;-0.489253083085
379;-0.197279468986;0.28408243534
380;-0.220953005264;0.0473470725566
381;-0.197279468986;0.0157823575189
382;-0.197279468986;0.0789117875944
383;-0.220953005264;0.0157823575189
384;-0.197279468986;0.0157823575189
385;-0.220953005264;0.0473470725566
386;-0.197279468986;0.0789117875944
387;-0.197279468986;0.0789117875944
388;-0.197279468986;0.0473470725566
389;-0.197279468986;0.118367681392
390;-0.220953005264;0.0789117875944
391;-0.220953005264;0.0473470725566
392;-0.220953005264;0.118367681392
393;-0.197279468986;0.118367681392
394;-0.220953005264;0.118367681392
395;-0.220953005264;0.118367681392
396;-0.197279468986;0.118367681392
397;-0.197279468986;0.220953005264
398;-0.220953005264;0.220953005264
399;-0.197279468986;0.149932396429
400;-0.197279468986;0.149932396429
401;-0.197279468986;0.149932396429
402;-0.165714753948;0.220953005264
403;-0.165714753948;0.149932396429
404;-0.197279468986;0.220953005264
405;-0.197279468986;0.220953005264
406;-0.220953005264;0.220953005264
407;-0.220953005264;0.220953005264
408;-0.197279468986;0.220953005264
409;-0.197279468986;0.252517720302
410;-0.165714753948;0.457688368048
411;-0.220953005264;0.56027369192
412;-0.197279468986;0.181497111467
413;-0.220953005264;0.181497111467
414;-0.165714753948;0.181497111467
415;-0.134150038911;0.220953005264
416;-0.165714753948;0.220953005264
417;-0.197279468986;0.28408243534
418;-0.197279468986;2.22531241016
419;-0.165714753948;7.22831974365
420;-0.220953005264;15.5535133349
421;-0.220953005264;17.352702092
422;-0.220953005264;16.6661695399
423;-0.220953005264;15.2141926482
424;-0.220953005264;15.0721514305
425;-0.197279468986;7.08627852598
426;-0.220953005264;2.97497439231
427;-0.220953005264;1.7518416846
428;-0.165714753948;1.10476502632
429;-0.197279468986;0.828573769741
430;-0.220953005264;0.457688368048
431;-0.197279468986;0.355103044175
432;-0.197279468986;0.28408243534
433;-0.197279468986;0.252517720302
434;-0.165714753948;0.220953005264
435;-0.165714753948;0.220953005264
436;-0.165714753948;0.252517720302
437;-0.197279468986;0.181497111467
438;-0.197279468986;0.220953005264
439;-0.165714753948;0.252517720302
440;-0.165714753948;0.252517720302
441;-0.197279468986;0.252517720302
442;-0.220953005264;0.252517720302
443;-0.220953005264;0.220953005264
444;-0.220953005264;0.252517720302
445;-0.220953005264;0.252517720302
446;-0.197279468986;0.220953005264
447;-0.197279468986;0.252517720302
448;-0.197279468986;0.28408243534
449;-0.220953005264;0.28408243534
450;-0.220953005264;0.252517720302
451;-0.197279468986;0.252517720302
452;-0.197279468986;0.252517720302
453;-0.220953005264;0.28408243534
454;-0.220953005264;0.220953005264
455;-0.220953005264;0.252517720302
456;-0.252517720302;0.28408243534
457;-0.220953005264;0.220953005264
458;-0.220953005264;0.220953005264
459;-0.220953005264;0.28408243534
460;-0.220953005264;0.28408243534
461;-0.220953005264;0.220953005264
462;-0.220953005264;0.220953005264
463;-0.197279468986;0.252517720302
464;-0.220953005264;0.220953005264
465;-0.220953005264;0.220953005264
466;-0.220953005264;0.220953005264
467;-0.197279468986;0.252517720302
468;-0.220953005264;0.220953005264
469;-0.220953005264;0.220953005264
470;-0.165714753948;0.220953005264
471;-0.197279468986;0.252517720302
472;-0.197279468986;0.220953005264
473;-0.220953005264;0.220953005264
474;-0.197279468986;0.220953005264
475;-0.197279468986;0.220953005264
476;-0.197279468986;0.220953005264
477;-0.197279468986;0.181497111467
478;-0.197279468986;0.220953005264
479;-0.220953005264;0.220953005264
480;-0.165714753948;0.220953005264
481;-0.220953005264;0.220953005264
482;-0.220953005264;0.220953005264
483;-0.165714753948;0.181497111467
484;-0.220953005264;0.181497111467
485;-0.220953005264;0.220953005264
486;-0.220953005264;0.220953005264
487;-0.197279468986;0.220953005264
488;-0.220953005264;0.220953005264
489;-0.197279468986;0.181497111467
490;-0.220953005264;0.181497111467
491;-0.197279468986;0.252517720302
492;-0.220953005264;0.220953005264
493;-0.197279468986;0.181497111467
494;-0.197279468986;0.220953005264
495;-0.220953005264;0.220953005264
496;-0.220953005264;0.41823247425
497;-0.197279468986;0.181497111467
498;-0.197279468986;0.220953005264
499;-0.197279468986;0.181497111467
500;-0.197279468986;0.181497111467
501;-0.197279468986;0.181497111467
502;-0.252517720302;0.181497111467
503;-0.197279468986;0.181497111467
504;-0.220953005264;0.149932396429
505;-0.197279468986;0.181497111467
506;-0.220953005264;0.181497111467
507;-0.220953005264;0.181497111467
508;-0.197279468986;0.181497111467
509;-0.220953005264;0.181497111467
510;-0.220953005264;0.149932396429
511;-0.252517720302;0.181497111467
512;-0.252517720302;0.149932396429
513;-0.220953005264;0.149932396429
514;-0.220953005264;0.149932396429
515;-0.220953005264;0.149932396429
516;-0.165714753948;0.149932396429
517;-0.165714753948;0.149932396429
518;-0.165714753948;0.181497111467
519;-0.220953005264;0.181497111467
520;-0.197279468986;0.118367681392
521;-0.197279468986;0.0473470725566
522;-0.220953005264;0.118367681392
523;-0.220953005264;0.118367681392
524;-0.197279468986;0.118367681392
525;-0.197279468986;0.149932396429
526;-0.220953005264;0.118367681392
527;-0.197279468986;0.149932396429
528;-0.252517720302;0.118367681392
529;-0.220953005264;0.149932396429
530;-0.197279468986;0.118367681392
531;-0.197279468986;0.118367681392
532;-0.197279468986;0.118367681392
533;-0.197279468986;0.149932396429
534;-0.197279468986;0.149932396429
535;-0.165714753948;0.118367681392
536;-0.197279468986;0.149932396429
537;-0.197279468986;0.0789117875944
538;-0.197279468986;0.0789117875944
539;-0.220953005264;0.118367681392
540;-0.220953005264;0.0473470725566
541;-0.220953005264;0.149932396429
542;-0.197279468986;0.118367681392
543;-0.220953005264;0.118367681392
544;-0.220953005264;0.0789117875944
545;-0.220953005264;0.0789117875944
546;-0.220953005264;0.0789117875944
547;-0.165714753948;0.0789117875944
548;-0.220953005264;0.118367681392
549;-0.197279468986;0.0789117875944
550;-0.197279468986;0.0789117875944
551;-0.220953005264;0.0157823575189
552;-0.220953005264;0.118367681392
553;-0.220953005264;0.149932396429
554;-0.252517720302;0.118367681392
555;-0.220953005264;0.0789117875944
556;-0.252517720302;0.149932396429
557;-0.220953005264;0.0789117875944
558;-0.220953005264;0.0789117875944
559;-0.220953005264;0.0789117875944
560;-0.220953005264;0.118367681392
561;-0.220953005264;0.118367681392
562;-0.197279468986;0.0789117875944
563;-0.220953005264;0.0789117875944
564;-0.220953005264;0.0789117875944
565;-0.220953005264;0.0789117875944
566;-0.197279468986;0.0473470725566
567;-0.220953005264;0.0789117875944
568;-0.197279468986;0.0789117875944
569;-0.220953005264;0.0473470725566
570;-0.220953005264;0.0473470725566
571;-0.220953005264;0.0473470725566
572;-0.197279468986;0.0789117875944
573;-0.220953005264;0.0473470725566
574;-0.220953005264;0.0789117875944
575;-0.197279468986;0.0473470725566
576;-0.220953005264;0.0473470725566
577;-0.165714753948;0.0473470725566
578;-0.197279468986;0.0157823575189
579;-0.252517720302;0.0473470725566
580;-0.197279468986;0.0789117875944
581;-0.165714753948;0.0473470725566
582;-0.220953005264;0.0473470725566
583;-0.197279468986;0.0157823575189
584;-0.220953005264;0.0789117875944
585;-0.220953005264;0.0473470725566
586;-0.197279468986;0.0157823575189
587;-0.197279468986;0.0157823575189
588;-0.220953005264;0.0473470725566
589;-0.220953005264;0.0157823575189
590;-0.220953005264;0.0473470725566
591;-0.220953005264;0.0473470725566
592;-0.220953005264;0.0157823575189
593;-0.220953005264;0.0157823575189
594;-0.252517720302;-0.0157823575189
595;-0.220953005264;0.0157823575189
596;-0.197279468986;0.0473470725566
597;-0.220953005264;-0.0157823575189
598;-0.197279468986;0.0157823575189
599;-0.197279468986;0.0473470725566
600;-0.252517720302;0.0473470725566
601;-0.252517720302;-0.0157823575189
602;-0.252517720302;-0.0157823575189
603;-0.197279468986;-0.0157823575189
604;-0.220953005264;-0.0157823575189
605;-0.220953005264;0.0157823575189
606;-0.252517720302;-0.0157823575189
607;-0.252517720302;0.0157823575189
608;-0.252517720302;0.0473470725566
609;-0.252517720302;0.0157823575189
610;-0.252517720302;-0.0473470725566
611;-0.220953005264;-0.0157823575189
612;-0.252517720302;0.0473470725566
613;-0.197279468986;-0.0157823575189
614;-0.197279468986;-0.0157823575189
615;-0.220953005264;-0.0473470725566
616;-0.220953005264;0.0157823575189
617;-0.220953005264;-0.0473470725566
618;-0.197279468986;-0.0157823575189
619;-0.197279468986;-0.0157823575189
620;-0.220953005264;-0.0157823575189
621;-0.220953005264;-0.0473470725566
622;-0.220953005264;-0.0473470725566
623;-0.197279468986;-0.0473470725566
624;-0.220953005264;-0.0157823575189
625;-0.220953005264;-0.0157823575189
626;-0.197279468986;-0.0473470725566
627;-0.165714753948;-0.0157823575189
628;-0.220953005264;-0.0473470725566
629;-0.220953005264;0.0157823575189
630;-0.197279468986;-0.0473470725566
631;-0.220953005264;-0.0473470725566
632;-0.197279468986;-0.0789117875944
633;-0.220953005264;-0.0473470725566
634;-0.220953005264;-0.0789117875944
635;-0.220953005264;-0.0789117875944
636;-0.197279468986;-0.118367681392
637;-0.197279468986;-0.0473470725566
638;-0.220953005264;-0.0473470725566
639;-0.220953005264;-0.0789117875944
640;-0.220953005264;-0.149932396429
641;-0.252517720302;-0.0157823575189
642;-0.220953005264;-0.181497111467
643;-0.220953005264;-0.0789117875944
644;-0.252517720302;-0.0789117875944
645;-0.27619125658;-0.118367681392
646;-0.220953005264;-0.0789117875944
647;-0.252517720302;-0.118367681392
648;-0.220953005264;-0.0789117875944
649;-0.27619125658;-0.118367681392
650;-0.220953005264;-0.0789117875944
651;-0.220953005264;-0.0789117875944
652;-0.220953005264;-0.118367681392
653;-0.220953005264;-0.118367681392
654;-0.220953005264;-0.118367681392
655;-0.220953005264;-0.0473470725566
656;-0.252517720302;-0.118367681392
657;-0.197279468986;-0.149932396429
658;-0.27619125658;-0.0789117875944
659;-0.220953005264;-0.0789117875944
660;-0.220953005264;-0.118367681392
661;-0.252517720302;-0.118367681392
662;-0.197279468986;-0.0789117875944
663;-0.220953005264;-0.118367681392
664;-0.197279468986;-0.118367681392
665;-0.220953005264;-0.118367681392
666;-0.197279468986;-0.118367681392
667;-0.220953005264;-0.118367681392
668;-0.220953005264;-0.118367681392
669;-0.220953005264;-0.0789117875944
670;-0.220953005264;-0.118367681392
671;-0.220953005264;-0.118367681392
672;-0.220953005264;-0.118367681392
673;-0.220953005264;-0.149932396429
674;-0.197279468986;-0.118367681392
675;-0.220953005264;-0.149932396429
676;-0.220953005264;-0.118367681392
677;-0.220953005264;-0.149932396429
678;-0.220953005264;-0.0789117875944
679;-0.220953005264;-0.149932396429
680;-0.220953005264;-0.118367681392
681;-0.220953005264;-0.0789117875944
682;-0.220953005264;-0.118367681392
683;-0.220953005264;-0.149932396429
684;-0.220953005264;-0.149932396429
685;-0.220953005264;-0.118367681392
686;-0.220953005264;-0.118367681392
687;-0.252517720302;-0.149932396429
688;-0.220953005264;-0.149932396429
689;-0.220953005264;-0.149932396429
690;-0.220953005264;-0.181497111467
691;-0.252517720302;-0.149932396429
692;-0.252517720302;-0.149932396429
693;-0.220953005264;-0.118367681392
694;-0.252517720302;-0.181497111467
695;-0.252517720302;-0.181497111467
696;-0.220953005264;-0.181497111467
697;-0.220953005264;-0.181497111467
698;-0.252517720302;-0.118367681392
699;-0.197279468986;-0.181497111467
700;-0.220953005264;-0.181497111467
701;-0.252517720302;-0.149932396429
702;-0.252517720302;-0.181497111467
703;-0.252517720302;-0.181497111467
704;-0.220953005264;-0.181497111467
705;-0.220953005264;-0.181497111467
706;-0.197279468986;-0.181497111467
707;-0.220953005264;-0.149932396429
708;-0.252517720302;-0.149932396429
709;-0.252517720302;-0.220953005264
710;-0.220953005264;-0.252517720302
711;-0.220953005264;-0.181497111467
712;-0.197279468986;-0.149932396429
713;-0.220953005264;-0.149932396429
714;-0.220953005264;-0.149932396429
715;-0.220953005264;-0.118367681392
716;-0.220953005264;-0.149932396429
717;-0.197279468986;-0.149932396429
718;-0.197279468986;-0.181497111467
719;-0.165714753948;-0.118367681392
720;-0.197279468986;-0.220953005264
721;-0.220953005264;-0.220953005264
722;-0.220953005264;-0.181497111467
723;-0.220953005264;-0.220953005264
724;-0.220953005264;-0.315647150378
725;-0.220953005264;-0.315647150378
726;-0.220953005264;-0.355103044175
727;-0.220953005264;0.0473470725566
728;-0.197279468986;-0.149932396429
729;-0.220953005264;-0.181497111467
730;-0.220953005264;-0.181497111467
731;-0.252517720302;-0.181497111467
732;-0.220953005264;-0.181497111467
733;-0.220953005264;-0.220953005264
734;-0.220953005264;-0.252517720302
735;-0.252517720302;-0.252517720302
736;-0.252517720302;-0.181497111467
737;-0.252517720302;-0.220953005264
738;-0.252517720302;-0.252517720302
739;-0.220953005264;-0.252517720302
740;-0.220953005264;-0.28408243534
741;-0.220953005264;-0.252517720302
742;-0.252517720302;-0.252517720302
743;-0.252517720302;-0.28408243534
744;-0.220953005264;-0.28408243534
745;-0.220953005264;-0.28408243534
746;-0.252517720302;-0.315647150378
747;-0.252517720302;-0.315647150378
748;-0.220953005264;-0.28408243534
749;-0.220953005264;-0.315647150378
750;-0.252517720302;-0.252517720302
751;-0.220953005264;-0.28408243534
752;-0.252517720302;-0.315647150378
753;-0.220953005264;-0.28408243534
754;-0.197279468986;-0.355103044175
755;-0.252517720302;-0.315647150378
756;-0.252517720302;-0.315647150378
757;-0.220953005264;-0.315647150378
758;-0.220953005264;-0.355103044175
759;-0.197279468986;-0.355103044175
760;-0.220953005264;-0.315647150378
761;-0.197279468986;-0.315647150378
762;-0.220953005264;-0.355103044175
763;-0.197279468986;-0.355103044175
764;-0.220953005264;-0.355103044175
765;-0.197279468986;-0.355103044175
766;-0.220953005264;-0.355103044175
767;-0.197279468986;-0.315647150378
768;-0.220953005264;-0.315647150378
769;-0.197279468986;-0.386667759213
770;-0.220953005264;-0.386667759213
771;-0.220953005264;-0.355103044175
772;-0.197279468986;-0.386667759213
773;-0.220953005264;-0.41823247425
774;-0.197279468986;-0.386667759213
775;-0.197279468986;-0.386667759213
776;-0.220953005264;-0.355103044175
777;-0.165714753948;-0.41823247425
778;-0.197279468986;-0.41823247425
779;-0.252517720302;-0.386667759213
780;-0.220953005264;-0.41823247425
781;-0.220953005264;-0.386667759213
782;-0.220953005264;-0.41823247425
783;-0.220953005264;-0.41823247425
784;-0.252517720302;-0.386667759213
785;-0.220953005264;-0.386667759213
786;-0.220953005264;-0.386667759213
787;-0.220953005264;-0.41823247425
788;-0.252517720302;-0.41823247425
789;-0.220953005264;-0.41823247425
790;-0.220953005264;-0.41823247425
791;-0.252517720302;-0.41823247425
792;-0.252517720302;-0.386667759213
793;-0.252517720302;-0.41823247425
794;-0.252517720302;-0.41823247425
795;-0.220953005264;-0.41823247425
796;-0.220953005264;-0.386667759213
797;-0.252517720302;-0.41823247425
798;-0.220953005264;-0.457688368048
799;-0.220953005264;-0.457688368048
800;-0.220953005264;-0.41823247425
801;-0.252517720302;-0.41823247425
802;-0.220953005264;-0.28408243534
803;-0.197279468986;-0.386667759213
804;-0.220953005264;-2.2568771252
805;-0.197279468986;-0.623403121996
806;-0.220953005264;0.520817798123
807;-0.220953005264;-2.296333019
808;-0.220953005264;-2.19374769512
809;-0.220953005264;-2.09116237125
810;-0.220953005264;-2.19374769512
811;-0.220953005264;-2.19374769512
812;-0.252517720302;-2.19374769512
813;-0.197279468986;-2.19374769512
814;-0.252517720302;-2.22531241016
815;-0.252517720302;-2.19374769512
816;-0.220953005264;-2.22531241016
817;-0.220953005264;-2.22531241016
818;-0.197279468986;-2.19374769512
819;-0.197279468986;-2.22531241016
820;-0.197279468986;-2.19374769512
821;-0.220953005264;-2.22531241016
822;-0.220953005264;-2.22531241016
823;-0.220953005264;-2.19374769512
824;-0.220953005264;-2.19374769512
825;-0.220953005264;-2.19374769512
826;-0.252517720302;-2.22531241016
827;-0.220953005264;-2.19374769512
828;-0.220953005264;-2.19374769512
829;-0.220953005264;-2.05959765621
830;-0.220953005264;-2.22531241016
831;-0.220953005264;-2.35946244907
832;-0.220953005264;-2.35946244907
833;-0.220953005264;-2.19374769512
834;-0.220953005264;-2.296333019
835;-0.165714753948;-2.35946244907
836;-0.252517720302;-2.46204777295
837;-0.165714753948;-2.16218298009
838;-0.252517720302;-2.39891834287
839;-0.197279468986;-2.296333019
840;-0.252517720302;-2.22531241016
841;-0.220953005264;-2.296333019
842;-0.197279468986;-2.296333019
843;-0.220953005264;-2.2568771252
844;-0.165714753948;-2.2568771252
845;-0.197279468986;-2.2568771252
846;-0.197279468986;-2.2568771252
847;-0.220953005264;-2.2568771252
848;-0.220953005264;-2.296333019
849;-0.197279468986;-2.63565370565
850;-0.197279468986;-2.2568771252
851;-0.197279468986;-1.47565042802
852;-0.165714753948;-0.520817798123
853;-0.165714753948;-0.694423730831
854;-0.220953005264;-0.662859015793
855;-0.197279468986;-0.591838406958
856;-0.220953005264;-0.56027369192
857;-0.220953005264;-0.386667759213
858;-0.220953005264;-0.386667759213
859;-0.252517720302;-0.899594378576
860;-0.197279468986;-0.489253083085
861;-0.220953005264;-0.868029663539
862;-0.220953005264;-0.41823247425
863;-0.220953005264;-0.662859015793
864;-0.220953005264;-0.797009054704
865;-0.220953005264;-0.386667759213
866;-0.220953005264;-0.355103044175
867;-0.220953005264;-0.0473470725566
868;-0.197279468986;-1.03374441749
869;-0.220953005264;-0.899594378576
870;-0.197279468986;-1.10476502632
871;-0.197279468986;-0.725988445869
873;-0.197279468986;-1.37306510414
874;-0.220953005264;-1.1678944564
875;-0.252517720302;-1.20735035019
876;-0.220953005264;-1.1678944564
877;-0.220953005264;-1.13632974136
878;-0.197279468986;-1.23891506523
879;-0.220953005264;-1.06530913252
880;-0.220953005264;-1.00217970245
881;-0.220953005264;-1.00217970245
882;-0.197279468986;-1.34150038911
883;-0.220953005264;-1.30993567407
884;-0.197279468986;-1.27047978027
885;-0.197279468986;-1.37306510414
886;-0.197279468986;-1.27047978027
887;-0.197279468986;-1.27047978027
888;-0.197279468986;-1.30993567407
889;-0.165714753948;-1.30993567407
890;-0.197279468986;-2.35946244907
891;-0.197279468986;-1.03374441749
892;-0.197279468986;-1.1678944564
893;-0.197279468986;-1.13632974136
894;-0.220953005264;-1.13632974136
895;-0.197279468986;-1.10476502632
896;-0.197279468986;-1.13632974136
897;-0.197279468986;-1.13632974136
898;-0.165714753948;-1.13632974136
899;-0.220953005264;-1.13632974136
900;-0.197279468986;-1.06530913252
901;-0.220953005264;-1.1678944564
902;-0.197279468986;-1.10476502632
903;-0.197279468986;-1.13632974136
904;-0.197279468986;-1.03374441749
905;-0.197279468986;-0.931159093614
906;-0.220953005264;-1.10476502632
907;-0.197279468986;-1.13632974136
908;-0.197279468986;-1.06530913252
909;-0.197279468986;-1.1678944564
910;-0.197279468986;-1.30993567407
911;-0.220953005264;-1.13632974136
912;-0.197279468986;-1.06530913252
913;-0.220953005264;-1.23891506523
914;-0.220953005264;-1.1678944564
915;-0.220953005264;-1.06530913252
916;-0.197279468986;-1.13632974136
917;-0.197279468986;-1.1678944564
918;-0.220953005264;-1.10476502632
919;-0.220953005264;-1.03374441749
920;-0.220953005264;-1.47565042802
921;-0.220953005264;-1.37306510414
922;-0.220953005264;-1.34150038911
923;-0.220953005264;-1.34150038911
924;-0.220953005264;-1.34150038911
925;-0.220953005264;-1.34150038911
926;-0.197279468986;-1.34150038911
927;-0.220953005264;-1.30993567407
928;-0.197279468986;-1.37306510414
929;-0.197279468986;-1.30993567407
930;-0.220953005264;-1.34150038911
931;-0.220953005264;-1.30993567407
932;-0.197279468986;-1.30993567407
933;-0.220953005264;-1.23891506523
934;-0.220953005264;-1.30993567407
935;-0.197279468986;-1.30993567407
936;-0.220953005264;-1.20735035019
937;-0.197279468986;-1.30993567407
938;-0.220953005264;-1.23891506523
939;-0.220953005264;-1.23891506523
940;-0.165714753948;-1.23891506523
941;-0.197279468986;-1.23891506523
942;-0.197279468986;-1.20735035019
943;-0.197279468986;-1.23891506523
944;-0.197279468986;-1.23891506523
945;-0.165714753948;-1.23891506523
946;-0.197279468986;-1.27047978027
947;-0.220953005264;-1.27047978027
948;-0.197279468986;-1.27047978027
949;-0.197279468986;-1.23891506523
950;-0.197279468986;-1.23891506523
951;-0.165714753948;-1.23891506523
952;-0.220953005264;-1.23891506523
953;-0.220953005264;-1.23891506523
954;-0.197279468986;-1.23891506523
955;-0.197279468986;-1.23891506523
956;-0.165714753948;-1.27047978027
957;-0.197279468986;-1.23891506523
958;-0.165714753948;-1.23891506523
959;-0.220953005264;-1.23891506523
960;-0.165714753948;-1.23891506523
961;-0.220953005264;-1.20735035019
962;-0.252517720302;-1.23891506523
963;-0.220953005264;-1.23891506523
964;-0.220953005264;-1.23891506523
965;-0.220953005264;-1.23891506523
966;-0.197279468986;-1.20735035019
967;-0.197279468986;-1.27047978027
968;-0.252517720302;-1.23891506523
969;-0.220953005264;-1.20735035019
970;-0.220953005264;-1.20735035019
971;-0.220953005264;-1.23891506523
972;-0.220953005264;-1.27047978027
973;-0.220953005264;-1.23891506523
974;-0.220953005264;-1.20735035019
975;-0.197279468986;-1.23891506523
976;-0.220953005264;-1.20735035019
977;-0.220953005264;-1.20735035019
978;-0.220953005264;-1.23891506523
979;-0.220953005264;-1.23891506523
980;-0.220953005264;-1.20735035019
981;-0.220953005264;-1.1678944564
982;-0.197279468986;-1.20735035019
983;-0.220953005264;-1.23891506523
984;-0.197279468986;-1.20735035019
985;-0.197279468986;-1.20735035019
986;-0.197279468986;-1.23891506523
987;-0.220953005264;-1.20735035019
988;-0.197279468986;-1.20735035019
989;-0.197279468986;-1.20735035019
990;-0.197279468986;-1.23891506523
991;-0.197279468986;-1.30993567407
992;-0.197279468986;-1.27047978027
993;-0.220953005264;-1.20735035019
994;-0.197279468986;-1.23891506523
995;-0.197279468986;-1.1678944564
996;-0.197279468986;-1.13632974136
997;-0.165714753948;-1.00217970245
998;-0.220953005264;-1.10476502632
999;-0.197279468986;-1.06530913252
1000;-0.220953005264;-0.931159093614
1001;-0.197279468986;-1.00217970245
1002;-0.220953005264;-0.41823247425
1003;-0.197279468986;-1.06530913252
1004;-0.197279468986;-0.962723808652
1005;-0.197279468986;-1.00217970245
1006;-0.197279468986;-1.06530913252
1007;-0.197279468986;-1.00217970245
1008;-0.197279468986;-0.725988445869
1010;-0.197279468986;-1.06530913252
1011;-0.220953005264;-1.10476502632
1012;-0.220953005264;-1.10476502632
1013;-0.220953005264;-1.06530913252
1014;-0.220953005264;-1.10476502632
1015;-0.197279468986;-1.10476502632
1016;-0.220953005264;-0.931159093614
1017;-0.220953005264;1.23891506523
1018;-0.220953005264;-0.181497111467
1019;-0.220953005264;0.41823247425
1020;-0.220953005264;-0.457688368048
1021;-0.197279468986;-0.662859015793
1022;-0.220953005264;-0.962723808652
1023;-0.197279468986;-1.10476502632
1024;-0.220953005264;-0.899594378576
1025;-0.252517720302;-0.899594378576
1026;-0.197279468986;-0.962723808652
1027;-0.220953005264;-0.962723808652
1028;-0.220953005264;-0.962723808652
1029;-0.220953005264;-1.00217970245
1030;-0.220953005264;-1.00217970245
1031;-0.197279468986;-1.03374441749
1032;-0.220953005264;-1.00217970245
1033;-0.220953005264;-1.00217970245
1034;-0.220953005264;-1.00217970245
1035;-0.197279468986;-1.03374441749
1036;-0.165714753948;-1.06530913252
1037;-0.197279468986;-0.868029663539
1038;-0.197279468986;-0.962723808652
1039;-0.220953005264;-0.725988445869
1041;-0.220953005264;-0.828573769741
1042;-0.220953005264;-0.489253083085
1043;-0.220953005264;-0.797009054704
1044;-0.197279468986;1.00217970245
1045;-0.220953005264;-2.35946244907
1046;-0.252517720302;-2.2568771252
1047;-0.220953005264;-2.2568771252
1048;-0.220953005264;-2.22531241016
1049;-0.220953005264;-2.22531241016
1050;-0.252517720302;-2.22531241016
1051;-0.252517720302;-2.2568771252
1052;-0.220953005264;-2.22531241016
1053;-0.220953005264;-2.22531241016
1054;-0.197279468986;-2.19374769512
1055;-0.252517720302;-2.22531241016
1056;-0.220953005264;-2.22531241016
1057;-0.220953005264;-2.19374769512
1058;-0.220953005264;-2.22531241016
1059;-0.220953005264;-2.05959765621
1060;-0.252517720302;-1.95701233234
1061;-0.197279468986;-1.60980046693
1062;-0.197279468986;-2.296333019
1063;-0.165714753948;-2.296333019
1064;-0.165714753948;-2.2568771252
1065;-0.197279468986;-2.2568771252
1066;-0.197279468986;-2.296333019
1067;-0.197279468986;-2.296333019
1068;-0.220953005264;-2.296333019
1069;-0.220953005264;-2.2568771252
1070;-0.197279468986;-2.296333019
1071;-0.220953005264;-2.296333019
1072;-0.197279468986;-2.296333019
1073;-0.220953005264;-2.22531241016
1074;-0.220953005264;-2.2568771252
1075;-0.197279468986;-2.296333019
1076;-0.197279468986;-2.2568771252
1077;-0.165714753948;-2.296333019
1078;-0.197279468986;-2.296333019
1079;-0.220953005264;-2.32789773404
1080;-0.220953005264;-2.296333019
1081;-0.197279468986;-2.2568771252
1082;-0.220953005264;-2.296333019
1083;-0.197279468986;-2.296333019
1084;-0.220953005264;-2.296333019
1085;-0.220953005264;-2.296333019
1086;-0.220953005264;-2.32789773404
1087;-0.220953005264;-2.32789773404
1088;-0.220953005264;-2.2568771252
1089;-0.220953005264;-2.35946244907
1090;-0.220953005264;-2.296333019
1091;-0.220953005264;-2.296333019
1092;-0.252517720302;-2.22531241016
1093;-0.197279468986;-0.118367681392
1094;-0.220953005264;-0.149932396429
1095;-0.220953005264;-0.149932396429
1096;-0.197279468986;-0.118367681392
1097;-0.220953005264;-0.118367681392
1098;-0.220953005264;-0.118367681392
1099;-0.220953005264;-0.118367681392
1100;-0.252517720302;-0.149932396429
1101;-0.220953005264;-0.149932396429
1102;-0.220953005264;-0.149932396429
1103;-0.220953005264;-0.181497111467
1104;-0.220953005264;-0.118367681392
1105;-0.220953005264;-0.118367681392
1106;-0.220953005264;-0.118367681392
1107;-0.252517720302;-0.149932396429
1108;-0.220953005264;-0.149932396429
1109;-0.197279468986;-0.118367681392
1110;-0.197279468986;-0.0789117875944
1111;-0.197279468986;-0.149932396429
1112;-0.197279468986;-0.149932396429
1113;-0.220953005264;-0.149932396429
1114;-0.220953005264;-0.149932396429
1115;-0.197279468986;-0.149932396429
1116;-0.165714753948;-0.149932396429
1117;-0.197279468986;-0.0789117875944
1118;-0.220953005264;-0.118367681392
1119;-0.220953005264;-0.118367681392
1120;-0.197279468986;-0.149932396429
1121;-0.197279468986;-0.0789117875944
1122;-0.220953005264;-0.118367681392
1123;-0.197279468986;-0.118367681392
1124;-0.197279468986;-0.149932396429
1125;-0.220953005264;-0.149932396429
1126;-0.197279468986;-0.149932396429
1127;-0.197279468986;-0.118367681392
1128;-0.197279468986;-0.149932396429
1129;-0.220953005264;-0.118367681392
1130;-0.220953005264;-0.118367681392
1131;-0.197279468986;-0.118367681392
1132;-0.197279468986;-0.118367681392
1133;-0.197279468986;-0.118367681392
1134;-0.197279468986;-0.118367681392
1135;-0.197279468986;-0.118367681392
1136;-0.220953005264;-0.118367681392
1137;-0.220953005264;-0.149932396429
1138;-0.220953005264;-0.118367681392
1139;-0.220953005264;-0.118367681392
1140;-0.220953005264;-0.149932396429
1141;-0.220953005264;-0.149932396429
1142;-0.220953005264;-0.118367681392
1143;-0.220953005264;-0.118367681392
1144;-0.220953005264;-0.0789117875944
1145;-0.220953005264;-0.118367681392
1146;-0.220953005264;-0.149932396429
1147;-0.220953005264;-0.149932396429
1148;-0.197279468986;-0.118367681392
1149;-0.220953005264;-0.118367681392
1150;-0.197279468986;-0.118367681392
1151;-0.220953005264;-0.149932396429
1152;-0.197279468986;-0.118367681392
1153;-0.220953005264;-0.118367681392
1154;-0.220953005264;-0.0789117875944
1155;-0.197279468986;-0.118367681392
1156;-0.220953005264;-0.149932396429
1157;-0.252517720302;-0.149932396429
1158;-0.220953005264;-0.118367681392
1159;-0.197279468986;-0.0789117875944
1160;-0.197279468986;-0.118367681392
1161;-0.197279468986;-0.149932396429
1162;-0.197279468986;-0.149932396429
1163;-0.197279468986;-0.118367681392
1164;-0.197279468986;-0.118367681392
1165;-0.220953005264;-0.149932396429
1166;-0.220953005264;-0.118367681392
1167;-0.197279468986;-0.0789117875944
1168;-0.197279468986;-0.118367681392
1169;-0.197279468986;-0.0789117875944
1170;-0.197279468986;-0.149932396429
1171;-0.220953005264;-0.118367681392
1172;-0.197279468986;-0.149932396429
1173;-0.197279468986;-0.149932396429
1174;-0.165714753948;-0.118367681392
1175;-0.197279468986;-0.118367681392
1176;-0.220953005264;-0.118367681392
1177;-0.220953005264;-0.0789117875944
1178;-0.197279468986;-0.0789117875944
1179;-0.197279468986;-0.118367681392
1180;-0.197279468986;-0.118367681392
1181;-0.165714753948;-0.0789117875944
1182;-0.197279468986;-0.118367681392
1183;-0.220953005264;-0.149932396429
1184;-0.220953005264;-0.118367681392
1185;-0.220953005264;-0.118367681392
1186;-0.220953005264;-0.118367681392
1187;-0.220953005264;-0.118367681392
1188;-0.220953005264;-0.149932396429
1189;-0.220953005264;-0.0789117875944
1190;-0.220953005264;-0.0789117875944
1191;-0.220953005264;-0.149932396429
1192;-0.220953005264;-0.149932396429
1193;-0.220953005264;-0.118367681392
1194;-0.220953005264;-0.118367681392
1195;-0.220953005264;-0.118367681392
1196;-0.220953005264;-0.149932396429
1197;-0.220953005264;-0.149932396429
1198;-0.220953005264;-0.118367681392
1199;-0.197279468986;-0.149932396429
1200;-0.220953005264;-0.118367681392
1201;-0.220953005264;-0.0789117875944
1202;-0.220953005264;-0.0789117875944
1203;-0.197279468986;-0.118367681392
1204;-0.220953005264;-0.118367681392
1205;-0.252517720302;-0.118367681392
1206;-0.220953005264;-0.118367681392
1207;-0.252517720302;-0.149932396429
1208;-0.197279468986;-0.118367681392
1209;-0.197279468986;-0.118367681392
1210;-0.197279468986;-0.0789117875944
1211;-0.197279468986;-0.118367681392
1212;-0.197279468986;-0.149932396429
1213;-0.197279468986;-0.149932396429
1214;-0.197279468986;-0.0789117875944
1215;-0.220953005264;-0.118367681392
1216;-0.220953005264;-0.181497111467
1217;-0.220953005264;-0.118367681392
1218;-0.197279468986;-0.149932396429
1219;-0.220953005264;-0.118367681392
1220;-0.220953005264;-0.149932396429
1221;-0.220953005264;-0.118367681392
1222;-0.197279468986;-0.149932396429
1223;-0.197279468986;-0.118367681392
1224;-0.197279468986;-0.149932396429
1225;-0.220953005264;-0.118367681392
1226;-0.252517720302;-0.0789117875944
1227;-0.220953005264;-0.0789117875944
1228;-0.197279468986;-0.118367681392
1229;-0.197279468986;-0.149932396429
1230;-0.197279468986;-0.149932396429
1231;-0.220953005264;-0.0789117875944
1232;-0.165714753948;-0.118367681392
1233;-0.220953005264;-0.118367681392
1234;-0.220953005264;-0.118367681392
1235;-0.252517720302;-0.149932396429
1236;-0.220953005264;-0.118367681392
1237;-0.220953005264;-0.181497111467
1238;-0.220953005264;-0.118367681392
1239;-0.220953005264;-0.118367681392
1240;-0.220953005264;-0.118367681392
1241;-0.220953005264;-0.118367681392
1242;-0.220953005264;-0.118367681392
1243;-0.220953005264;-0.118367681392
1244;-0.220953005264;-0.149932396429
1245;-0.252517720302;-0.118367681392
1246;-0.252517720302;-0.149932396429
1247;-0.220953005264;-0.149932396429
1248;-0.220953005264;-0.118367681392
1249;-0.220953005264;-0.118367681392
1250;-0.220953005264;-0.118367681392
1251;-0.220953005264;-0.118367681392
1252;-0.220953005264;-0.149932396429
1253;-0.252517720302;-0.118367681392
1254;-0.220953005264;-0.118367681392
1255;-0.252517720302;-0.149932396429
1256;-0.220953005264;-0.118367681392
1257;-0.220953005264;-0.118367681392
1258;-0.220953005264;-0.118367681392
1259;-0.220953005264;-0.118367681392
1260;-0.220953005264;-0.118367681392
1261;-0.220953005264;-0.118367681392
1262;-0.165714753948;-0.118367681392
1263;-0.197279468986;-0.149932396429
1264;-0.220953005264;-0.118367681392
1265;-0.197279468986;-0.0789117875944
1266;-0.220953005264;-0.149932396429
1267;-0.165714753948;-0.0789117875944
1268;-0.197279468986;-0.118367681392
1269;-0.197279468986;-0.0789117875944
1270;-0.220953005264;-0.0789117875944
1271;-0.197279468986;-0.149932396429
1272;-0.220953005264;-0.118367681392
1273;-0.197279468986;-0.149932396429
1274;-0.220953005264;-0.118367681392
1275;-0.197279468986;-0.149932396429
1276;-0.197279468986;-0.149932396429
1277;-0.197279468986;-0.118367681392
1278;-0.220953005264;-0.118367681392
1279;-0.220953005264;-0.0789117875944
1280;-0.220953005264;-0.118367681392
1281;-0.220953005264;-0.118367681392
1282;-0.220953005264;-0.181497111467
1283;-0.220953005264;-0.118367681392
1284;-0.197279468986;-0.149932396429
1285;-0.220953005264;-0.149932396429
1286;-0.220953005264;-0.0789117875944
1287;-0.197279468986;-0.149932396429
1288;-0.197279468986;-0.149932396429
1289;-0.220953005264;-0.149932396429
1290;-0.220953005264;-0.0789117875944
1291;-0.197279468986;-0.118367681392
1292;-0.197279468986;-0.149932396429
1293;-0.220953005264;-0.118367681392
1294;-0.197279468986;-0.0789117875944
1295;-0.220953005264;-0.118367681392
1296;-0.197279468986;-0.118367681392
1297;-0.220953005264;-0.118367681392
1298;-0.220953005264;-0.118367681392
1299;-0.220953005264;-0.149932396429
1300;-0.220953005264;-0.149932396429
1301;-0.197279468986;-0.149932396429
1302;-0.252517720302;-0.118367681392
1303;-0.220953005264;-0.118367681392
1304;-0.197279468986;-0.149932396429
1305;-0.197279468986;-0.149932396429
1306;-0.197279468986;-0.149932396429
1307;-0.220953005264;-0.118367681392
1308;-0.197279468986;-0.149932396429
1309;-0.252517720302;-0.118367681392
1310;-0.27619125658;-0.0789117875944
1311;-0.220953005264;-0.149932396429
1312;-0.220953005264;-0.118367681392
1313;-0.252517720302;-0.149932396429
1314;-0.220953005264;-0.0789117875944
1315;-0.252517720302;-0.118367681392
1316;-0.220953005264;-0.118367681392
1317;-0.220953005264;-0.149932396429
1318;-0.220953005264;-0.118367681392
1319;-0.220953005264;-0.118367681392
1320;-0.220953005264;-0.149932396429
1321;-0.220953005264;-0.149932396429
1322;-0.220953005264;-0.118367681392
1323;-0.197279468986;-0.0789117875944
1324;-0.220953005264;-0.118367681392
1325;-0.220953005264;-0.118367681392
1326;-0.252517720302;-0.0789117875944
1327;-0.220953005264;-0.118367681392
1328;-0.220953005264;-0.149932396429
1329;-0.220953005264;-0.149932396429
1330;-0.252517720302;-0.149932396429
1331;-0.220953005264;-0.118367681392
1332;-0.220953005264;-0.118367681392
1333;-0.220953005264;-0.149932396429
1334;-0.220953005264;-0.149932396429
1335;-0.220953005264;-0.149932396429
1336;-0.220953005264;-0.118367681392
1337;-0.197279468986;-0.149932396429
1338;-0.220953005264;-0.0789117875944
1339;-0.220953005264;-0.118367681392
1340;-0.220953005264;-0.118367681392
1341;-0.252517720302;-0.118367681392
1342;-0.220953005264;-0.181497111467
1343;-0.220953005264;-0.0473470725566
1344;-0.252517720302;-0.118367681392
1345;-0.220953005264;-0.149932396429
1346;-0.220953005264;-0.149932396429
1347;-0.220953005264;-0.0789117875944
1348;-0.252517720302;-0.118367681392
1349;-0.27619125658;-0.149932396429
1350;-0.220953005264;-0.118367681392
1351;-0.220953005264;-0.118367681392
1352;-0.220953005264;-0.0789117875944
1353;-0.252517720302;-0.149932396429
1354;-0.220953005264;-0.149932396429
1355;-0.220953005264;-0.118367681392
1356;-0.252517720302;-0.149932396429
1357;-0.197279468986;-0.149932396429
1358;-0.220953005264;-0.0789117875944
1359;-0.220953005264;-0.118367681392
1360;-0.197279468986;-0.118367681392
1361;-0.197279468986;-0.149932396429
1362;-0.220953005264;-0.118367681392
1363;-0.220953005264;-0.149932396429
1364;-0.197279468986;-0.0789117875944
1365;-0.220953005264;-0.149932396429
1366;-0.220953005264;-0.118367681392
1367;-0.252517720302;-0.0789117875944
1368;-0.197279468986;-0.118367681392
1369;-0.197279468986;-0.181497111467
1370;-0.220953005264;-0.118367681392
1371;-0.220953005264;-0.0789117875944
1372;-0.220953005264;-0.149932396429
1373;-0.220953005264;-0.118367681392
1374;-0.220953005264;-0.149932396429
1375;-0.220953005264;-0.118367681392
1376;-0.220953005264;-0.118367681392
1377;-0.220953005264;-0.149932396429
1378;-0.220953005264;-0.118367681392
1379;-0.220953005264;-0.0789117875944
1380;-0.220953005264;-0.118367681392
1381;-0.220953005264;-0.149932396429
1382;-0.197279468986;-0.118367681392
1383;-0.197279468986;-0.149932396429
1384;-0.252517720302;-0.118367681392
1385;-0.220953005264;-0.181497111467
1386;-0.220953005264;-0.118367681392
1387;-0.220953005264;-0.118367681392
1388;-0.252517720302;-0.149932396429
1389;-0.220953005264;-0.149932396429
1390;-0.252517720302;-0.149932396429
1391;-0.220953005264;-0.118367681392
1392;-0.220953005264;-0.118367681392
1393;-0.252517720302;-0.149932396429
1394;-0.220953005264;-0.0789117875944
1395;-0.220953005264;-0.118367681392
1396;-0.220953005264;-0.118367681392
1397;-0.220953005264;-0.149932396429
1398;-0.220953005264;-0.149932396429
1399;-0.252517720302;-0.0789117875944
1400;-0.252517720302;-0.0789117875944
1401;-0.220953005264;-0.118367681392
1402;-0.220953005264;-0.118367681392
1403;-0.220953005264;-0.118367681392
1404;-0.220953005264;-0.181497111467
1405;-0.252517720302;-0.118367681392
1406;-0.252517720302;-0.181497111467
1407;-0.252517720302;-0.118367681392
1408;-0.220953005264;-0.149932396429
1409;-0.252517720302;-0.181497111467
1410;-0.220953005264;-0.149932396429
1411;-0.197279468986;-0.181497111467
1412;-0.220953005264;-0.149932396429
1413;-0.197279468986;-0.149932396429
1414;-0.197279468986;-0.118367681392
1415;-0.220953005264;-0.149932396429
1416;-0.220953005264;-0.118367681392
1417;-0.220953005264;-0.118367681392
1418;-0.220953005264;-0.149932396429
1419;-0.197279468986;-0.149932396429
1420;-0.197279468986;-0.149932396429
1421;-0.220953005264;-0.149932396429
1422;-0.197279468986;-0.149932396429
1423;-0.197279468986;-0.149932396429
1424;-0.197279468986;-0.149932396429
1425;-0.220953005264;-0.149932396429
1426;-0.197279468986;-0.149932396429
1427;-0.220953005264;-0.149932396429
1428;-0.220953005264;-0.149932396429
1429;-0.220953005264;-0.149932396429
1430;-0.220953005264;-0.118367681392
1431;-0.220953005264;-0.181497111467
1432;-0.220953005264;-0.181497111467
1433;-0.220953005264;-0.181497111467
1434;-0.252517720302;-0.118367681392
1435;-0.252517720302;-0.149932396429
1436;-0.252517720302;-0.118367681392
1437;-0.220953005264;-0.181497111467
1438;-0.220953005264;-0.149932396429
1439;-0.220953005264;-0.149932396429
1440;-0.220953005264;-0.149932396429
1441;-0.220953005264;-0.118367681392
1442;-0.220953005264;-0.149932396429
1443;-0.220953005264;-0.181497111467
1444;-0.27619125658;-0.149932396429
1445;-0.220953005264;-0.181497111467
1446;-0.252517720302;-0.181497111467
1447;-0.27619125658;-0.149932396429
1448;-0.252517720302;-0.149932396429
1449;-0.220953005264;-0.149932396429
1450;-0.220953005264;-0.149932396429
1451;-0.220953005264;-0.181497111467
1452;-0.220953005264;-0.149932396429
1453;-0.27619125658;-0.149932396429
1454;-0.220953005264;-0.149932396429
1455;-0.27619125658;-0.181497111467
1456;-0.220953005264;-0.181497111467
1457;-0.220953005264;-0.149932396429
1458;-0.220953005264;-0.149932396429
1459;-0.220953005264;-0.181497111467
1460;-0.220953005264;-0.181497111467
1461;-0.220953005264;-0.149932396429
1462;-0.252517720302;-0.181497111467
1463;-0.220953005264;-0.149932396429
1464;-0.220953005264;-0.181497111467
1465;-0.220953005264;-0.118367681392
1466;-0.220953005264;-0.149932396429
1467;-0.220953005264;-0.181497111467
1468;-0.220953005264;-0.149932396429
1469;-0.220953005264;-0.149932396429
1470;-0.220953005264;-0.181497111467
1471;-0.220953005264;-0.220953005264
1472;-0.252517720302;-0.118367681392
1473;-0.220953005264;-0.149932396429
1474;-0.220953005264;-0.149932396429
1475;-0.220953005264;-0.149932396429
1476;-0.220953005264;-0.149932396429
1477;-0.197279468986;-0.149932396429
1478;-0.220953005264;-0.181497111467
1479;-0.220953005264;-0.149932396429
1480;-0.252517720302;-0.149932396429
1481;-0.197279468986;-0.149932396429
1482;-0.252517720302;-0.181497111467
1483;-0.220953005264;-0.149932396429
1484;-0.252517720302;-0.149932396429
1485;-0.252517720302;-0.149932396429
1486;-0.252517720302;-0.181497111467
1487;-0.252517720302;-0.118367681392
1488;-0.252517720302;-0.181497111467
1489;-0.252517720302;-0.181497111467
1490;-0.252517720302;-0.149932396429
1491;-0.220953005264;-0.181497111467
1492;-0.252517720302;-0.149932396429
1493;-0.252517720302;-0.118367681392
1494;-0.27619125658;-0.149932396429
1495;-0.220953005264;-0.118367681392
1496;-0.27619125658;-0.0789117875944
1497;-0.252517720302;-0.149932396429
1498;-0.252517720302;-0.149932396429
1499;-0.220953005264;-0.149932396429
1500;-0.220953005264;-0.181497111467
1501;-0.220953005264;-0.149932396429
1502;-0.252517720302;-0.181497111467
1503;-0.252517720302;-0.149932396429
1504;-0.220953005264;-0.118367681392
1505;-0.220953005264;-0.181497111467
1506;-0.220953005264;-0.149932396429
1507;-0.252517720302;-0.181497111467
1508;-0.220953005264;-0.149932396429
1509;-0.220953005264;-0.181497111467
1510;-0.220953005264;-0.149932396429
1511;-0.252517720302;-0.181497111467
1512;-0.197279468986;-0.149932396429
1513;-0.220953005264;-0.181497111467
1514;-0.220953005264;-0.181497111467
1515;-0.252517720302;-0.118367681392
1516;-0.252517720302;-0.149932396429
1517;-0.220953005264;-0.181497111467
1518;-0.220953005264;-0.149932396429
1519;-0.220953005264;-0.118367681392
1520;-0.197279468986;-0.118367681392
1521;-0.197279468986;-0.118367681392
1522;-0.220953005264;-0.149932396429
1523;-0.220953005264;-0.149932396429
1524;-0.220953005264;-0.149932396429
1525;-0.220953005264;-0.181497111467
1526;-0.220953005264;-0.118367681392
1527;-0.220953005264;-0.149932396429
1528;-0.220953005264;-0.181497111467
1529;-0.220953005264;-0.149932396429
1530;-0.220953005264;-0.118367681392
1531;-0.220953005264;-0.149932396429
1532;-0.220953005264;-0.149932396429
1533;-0.252517720302;-0.149932396429
1534;-0.252517720302;-0.149932396429
1535;-0.252517720302;-0.149932396429
1536;-0.252517720302;-0.118367681392
1537;-0.220953005264;-0.181497111467
1538;-0.220953005264;-0.149932396429
1539;-0.252517720302;-0.118367681392
1540;-0.220953005264;-0.149932396429
1541;-0.252517720302;-0.181497111467
1542;-0.252517720302;-0.118367681392
1543;-0.252517720302;-0.181497111467
1544;-0.252517720302;-0.149932396429
1545;-0.252517720302;-0.149932396429
1546;-0.252517720302;-0.149932396429
1547;-0.220953005264;-0.118367681392
1548;-0.252517720302;-0.149932396429
1549;-0.252517720302;-0.181497111467
1550;-0.252517720302;-0.118367681392
1551;-0.252517720302;-0.149932396429
1552;-0.252517720302;-0.149932396429
1553;-0.220953005264;-0.149932396429
1554;-0.197279468986;-0.149932396429
1555;-0.252517720302;-0.149932396429
1556;-0.220953005264;-0.149932396429
1557;-0.220953005264;-0.118367681392
1558;-0.220953005264;-0.149932396429
1559;-0.220953005264;-0.181497111467
1560;-0.220953005264;-0.149932396429
1561;-0.220953005264;-0.149932396429
1562;-0.220953005264;-0.181497111467
1563;-0.220953005264;-0.118367681392
1564;-0.220953005264;-0.181497111467
1565;-0.197279468986;-0.149932396429
1566;-0.197279468986;-0.181497111467
1567;-0.220953005264;-0.149932396429
1568;-0.220953005264;-0.181497111467
1569;-0.220953005264;-0.149932396429
1570;-0.220953005264;-0.118367681392
1571;-0.252517720302;-0.149932396429
1572;-0.220953005264;-0.149932396429
1573;-0.220953005264;-0.118367681392
1574;-0.197279468986;-0.181497111467
1575;-0.220953005264;-0.181497111467
1576;-0.220953005264;-0.149932396429
1577;-0.220953005264;-0.149932396429
1578;-0.220953005264;-0.181497111467
1579;-0.220953005264;-0.181497111467
1580;-0.220953005264;-0.181497111467
1581;-0.220953005264;-0.118367681392
1582;-0.220953005264;-0.118367681392
1583;-0.220953005264;-0.149932396429
1584;-0.220953005264;-0.149932396429
1585;-0.220953005264;-0.118367681392
1586;-0.220953005264;-0.181497111467
1587;-0.220953005264;-0.149932396429
1588;-0.27619125658;-0.181497111467
1589;-0.252517720302;-0.149932396429
1590;-0.220953005264;-0.149932396429
1591;-0.252517720302;-0.149932396429
1592;-0.220953005264;-0.181497111467
1593;-0.220953005264;-0.149932396429
1594;-0.220953005264;-0.149932396429
1595;-0.197279468986;-0.149932396429
1596;-0.197279468986;-0.149932396429
1597;-0.220953005264;-0.149932396429
1598;-0.220953005264;-0.181497111467
1599;-0.252517720302;-0.149932396429
1600;-0.252517720302;-0.181497111467
1601;-0.252517720302;-0.149932396429
1602;-0.252517720302;-0.181497111467
1603;-0.220953005264;-0.149932396429
1604;-0.220953005264;-0.149932396429
1605;-0.220953005264;-0.118367681392
1606;-0.220953005264;-0.181497111467
1607;-0.220953005264;-0.118367681392
1608;-0.252517720302;-0.118367681392
1609;-0.220953005264;-0.149932396429
1610;-0.197279468986;-0.149932396429
1611;-0.220953005264;-0.118367681392
1612;-0.197279468986;-0.181497111467
1613;-0.220953005264;-0.118367681392
1614;-0.220953005264;-0.149932396429
1615;-0.220953005264;-0.220953005264
1616;-0.220953005264;-0.149932396429
1617;-0.220953005264;-0.149932396429
1618;-0.220953005264;-0.181497111467
1619;-0.252517720302;-0.181497111467
1620;-0.252517720302;-0.149932396429
1621;-0.220953005264;-0.118367681392
1622;-0.27619125658;-0.181497111467
1623;-0.252517720302;-0.149932396429
1624;-0.220953005264;-0.118367681392
1625;-0.220953005264;-0.149932396429
1626;-0.220953005264;-0.149932396429
1627;-0.252517720302;-0.118367681392
1628;-0.220953005264;-0.118367681392
1629;-0.252517720302;-0.118367681392
1630;-0.220953005264;-0.149932396429
1631;-0.252517720302;-0.149932396429
1632;-0.220953005264;-0.149932396429
1633;-0.220953005264;-0.0789117875944
1634;-0.197279468986;-0.149932396429
1635;-0.220953005264;-0.149932396429
1636;-0.220953005264;-0.149932396429
1637;-0.197279468986;-0.118367681392
1638;-0.220953005264;-0.118367681392
1639;-0.220953005264;-0.118367681392
1640;-0.197279468986;-0.149932396429
1641;-0.220953005264;-0.118367681392
1642;-0.220953005264;-0.118367681392
1643;-0.220953005264;-0.118367681392
1644;-0.220953005264;-0.118367681392
1645;-0.252517720302;-0.118367681392
1646;-0.220953005264;-0.220953005264
1647;-0.220953005264;-0.118367681392
1648;-0.197279468986;-0.149932396429
1649;-0.197279468986;-0.149932396429
1650;-0.220953005264;-0.149932396429
1651;-0.220953005264;-0.0789117875944
1652;-0.197279468986;-0.118367681392
1653;-0.220953005264;-0.181497111467
1654;-0.220953005264;-0.149932396429
1655;-0.197279468986;-0.118367681392
1656;-0.220953005264;-0.118367681392
1657;-0.220953005264;-0.149932396429
1658;-0.27619125658;-0.149932396429
1659;-0.252517720302;-0.118367681392
1660;-0.252517720302;-0.0789117875944
1661;-0.220953005264;-0.149932396429
1662;-0.220953005264;-0.118367681392
1663;-0.220953005264;-0.149932396429
1664;-0.220953005264;-0.118367681392
1665;-0.197279468986;-0.118367681392
1666;-0.252517720302;-0.149932396429
1667;-0.252517720302;-0.149932396429
1668;-0.220953005264;-0.0789117875944
1669;-0.220953005264;-0.149932396429
1670;-0.220953005264;-0.118367681392
1671;-0.220953005264;-0.118367681392
1672;-0.220953005264;-0.149932396429
1673;-0.220953005264;-0.118367681392
1674;-0.220953005264;-0.118367681392
1675;-0.220953005264;-0.118367681392
1676;-0.220953005264;-0.118367681392
1677;-0.252517720302;-0.118367681392
1678;-0.220953005264;-0.149932396429
1679;-0.220953005264;-0.149932396429
1680;-0.220953005264;-0.0789117875944
1681;-0.197279468986;-0.118367681392
1682;-0.27619125658;-0.149932396429
1683;-0.252517720302;-0.118367681392
1684;-0.220953005264;-0.0789117875944
1685;-0.252517720302;-0.118367681392
1686;-0.220953005264;-0.149932396429
1687;-0.220953005264;-0.118367681392
1688;-0.252517720302;-0.118367681392
1689;-0.220953005264;-0.149932396429
1690;-0.220953005264;-0.118367681392
1691;-0.252517720302;-0.118367681392
1692;-0.220953005264;-0.118367681392
1693;-0.252517720302;-0.0789117875944
1694;-0.220953005264;-0.118367681392
1695;-0.252517720302;-0.118367681392
1696;-0.220953005264;-0.149932396429
1697;-0.252517720302;-0.118367681392
1698;-0.220953005264;-0.118367681392
1699;-0.252517720302;-0.149932396429
1700;-0.252517720302;-0.0473470725566
1701;-0.197279468986;-0.149932396429
1702;-0.220953005264;-0.149932396429
1703;-0.220953005264;-0.118367681392
1704;-0.220953005264;-0.0789117875944
1705;-0.220953005264;-0.149932396429
1706;-0.220953005264;-0.118367681392
1707;-0.252517720302;-0.118367681392
1708;-0.252517720302;-0.118367681392
1709;-0.220953005264;-0.149932396429
1710;-0.252517720302;-0.149932396429
1711;-0.220953005264;-0.118367681392
1712;-0.220953005264;-0.0789117875944
1713;-0.220953005264;-0.149932396429
1714;-0.220953005264;-0.118367681392
1715;-0.220953005264;-0.118367681392
1716;-0.220953005264;-0.0789117875944
1717;-0.220953005264;-0.149932396429
1718;-0.252517720302;-0.118367681392
1719;-0.220953005264;-0.118367681392
1720;-0.220953005264;-0.118367681392
1721;-0.220953005264;-0.118367681392
1722;-0.220953005264;-0.118367681392
1723;-0.220953005264;-0.118367681392
1724;-0.220953005264;-0.118367681392
1725;-0.252517720302;-0.149932396429
1726;-0.220953005264;-0.118367681392
1727;-0.220953005264;-0.0789117875944
1728;-0.252517720302;-0.0789117875944
1729;-0.220953005264;-0.118367681392
1730;-0.220953005264;-0.118367681392
1731;-0.220953005264;-0.118367681392
1732;-0.197279468986;-0.0789117875944
1733;-0.220953005264;-0.149932396429
1734;-0.220953005264;-0.118367681392
1735;-0.220953005264;-0.0789117875944
1736;-0.165714753948;-0.118367681392
1737;-0.220953005264;-0.118367681392
1738;-0.220953005264;-0.0789117875944
1739;-0.220953005264;-0.118367681392
1740;-0.197279468986;-0.118367681392
1741;-0.197279468986;-0.149932396429
1742;-0.220953005264;-0.149932396429
1743;-0.220953005264;-0.118367681392
1744;-0.197279468986;-0.0789117875944
1745;-0.220953005264;-0.118367681392
1746;-0.220953005264;-0.149932396429
1747;-0.220953005264;-0.118367681392
1748;-0.220953005264;-0.118367681392
1749;-0.252517720302;-0.118367681392
1750;-0.220953005264;-0.149932396429
1751;-0.197279468986;-0.118367681392
1752;-0.252517720302;-0.118367681392
1753;-0.220953005264;-0.149932396429
1754;-0.220953005264;-0.118367681392
1755;-0.220953005264;-0.118367681392
1756;-0.252517720302;-0.118367681392
1757;-0.220953005264;-0.118367681392
1758;-0.220953005264;-0.118367681392
1759;-0.220953005264;-0.0789117875944
1760;-0.220953005264;-0.149932396429
1761;-0.197279468986;-0.149932396429
1762;-0.220953005264;-0.118367681392
1763;-0.220953005264;-0.149932396429
1764;-0.252517720302;-0.0789117875944
1765;-0.220953005264;-0.149932396429
1766;-0.252517720302;-0.118367681392
1767;-0.252517720302;-0.118367681392
1768;-0.252517720302;-0.118367681392
1769;-0.220953005264;-0.118367681392
1770;-0.220953005264;-0.0789117875944
1771;-0.220953005264;-0.118367681392
1772;-0.220953005264;-0.118367681392
1773;-0.220953005264;-0.149932396429
1774;-0.220953005264;-0.181497111467
1775;-0.220953005264;-0.118367681392
1776;-0.220953005264;-0.118367681392
1777;-0.220953005264;-0.0789117875944
1778;-0.252517720302;-0.0789117875944
1779;-0.220953005264;-0.118367681392
1780;-0.252517720302;-0.149932396429
1781;-0.220953005264;-0.118367681392
1782;-0.220953005264;-0.149932396429
1783;-0.220953005264;-0.149932396429
1784;-0.220953005264;-0.118367681392
1785;-0.220953005264;-0.118367681392
1786;-0.220953005264;-0.118367681392
1787;-0.220953005264;-0.149932396429
1788;-0.220953005264;-0.0789117875944
1789;-0.220953005264;-0.118367681392
1790;-0.220953005264;-0.149932396429
1791;-0.220953005264;-0.118367681392
1792;-0.220953005264;-0.0789117875944
1793;-0.220953005264;-0.118367681392
1794;-0.252517720302;-0.149932396429
1795;-0.252517720302;-0.149932396429
1796;-0.220953005264;-0.118367681392
1797;-0.252517720302;-0.118367681392
1798;-0.220953005264;-0.118367681392
1799;-0.197279468986;-0.118367681392
1800;-0.252517720302;-0.118367681392
1801;-0.220953005264;-0.149932396429
1802;-0.220953005264;-0.118367681392
1803;-0.252517720302;-0.118367681392
1804;-0.220953005264;-0.118367681392
1805;-0.220953005264;-0.0789117875944
1806;-0.220953005264;-0.118367681392
1807;-0.220953005264;-0.118367681392
1808;-0.197279468986;-0.149932396429
1809;-0.197279468986;-0.118367681392
1810;-0.220953005264;-0.149932396429
1811;-0.220953005264;-0.149932396429
1812;-0.220953005264;-0.118367681392
1813;-0.197279468986;-0.0789117875944
1814;-0.197279468986;-0.0789117875944
1815;-0.220953005264;-0.118367681392
1816;-0.220953005264;-0.118367681392
1817;-0.220953005264;-0.0789117875944
1818;-0.220953005264;-0.118367681392
1819;-0.220953005264;-0.0789117875944
1820;-0.220953005264;-0.118367681392
1821;-0.220953005264;-0.118367681392
1822;-0.197279468986;-0.149932396429
1823;-0.252517720302;-0.118367681392
1824;-0.220953005264;-0.118367681392
1825;-0.220953005264;-0.118367681392
1826;-0.220953005264;-0.118367681392
1827;-0.252517720302;-0.118367681392
1828;-0.220953005264;-0.118367681392
1829;-0.220953005264;-0.118367681392
1830;-0.220953005264;-0.118367681392
1831;-0.220953005264;-0.118367681392
1832;-0.220953005264;-0.118367681392
1833;-0.197279468986;-0.149932396429
1834;-0.220953005264;-0.0789117875944
1835;-0.197279468986;-0.0789117875944
1836;-0.220953005264;-0.149932396429
1837;-0.220953005264;-0.149932396429
1838;-0.220953005264;-0.118367681392
1839;-0.220953005264;-0.118367681392
1840;-0.220953005264;-0.149932396429
1841;-0.220953005264;-0.0789117875944
1842;-0.220953005264;-0.118367681392
1843;-0.197279468986;-0.118367681392
1844;-0.197279468986;-0.118367681392
1845;-0.197279468986;-0.149932396429
1846;-0.252517720302;-0.149932396429
1847;-0.197279468986;-0.118367681392
1848;-0.220953005264;-0.149932396429
1849;-0.220953005264;-0.118367681392
1850;-0.220953005264;-0.0789117875944
1851;-0.220953005264;-0.149932396429
1852;-0.197279468986;-0.118367681392
1853;-0.197279468986;-0.118367681392
1854;-0.220953005264;-0.118367681392
1855;-0.220953005264;-0.181497111467
1856;-0.220953005264;-0.118367681392
1857;-0.220953005264;-0.118367681392
1858;-0.220953005264;-0.149932396429
1859;-0.220953005264;-0.118367681392
1860;-0.252517720302;-0.149932396429
1861;-0.252517720302;-0.181497111467
1862;-0.252517720302;-0.0789117875944
1863;-0.220953005264;-0.118367681392
1864;-0.252517720302;-0.149932396429
1865;-0.252517720302;-0.118367681392
1866;-0.252517720302;-0.118367681392
1867;-0.252517720302;-0.149932396429
1868;-0.252517720302;-0.118367681392
1869;-0.252517720302;-0.118367681392
1870;-0.220953005264;-0.0789117875944
1871;-0.220953005264;-0.118367681392
1872;-0.252517720302;-0.118367681392
1873;-0.252517720302;-0.0789117875944
1874;-0.220953005264;-0.118367681392
1875;-0.27619125658;-0.118367681392
1876;-0.220953005264;-0.118367681392
1877;-0.220953005264;-0.118367681392
1878;-0.27619125658;-0.0789117875944
1879;-0.220953005264;-0.149932396429
1880;-0.220953005264;-0.149932396429
1881;-0.220953005264;-0.0789117875944
1882;-0.252517720302;-0.149932396429
1883;-0.252517720302;-0.118367681392
1884;-0.220953005264;-0.118367681392
1885;-0.220953005264;-0.118367681392
1886;-0.220953005264;-0.118367681392
1887;-0.197279468986;-0.118367681392
1888;-0.220953005264;-0.118367681392
1889;-0.220953005264;-0.118367681392
1890;-0.220953005264;-0.118367681392
1891;-0.220953005264;-0.118367681392
1892;-0.220953005264;-0.118367681392
1893;-0.197279468986;-0.149932396429
1894;-0.197279468986;-0.149932396429
1895;-0.220953005264;-0.118367681392
1896;-0.220953005264;-0.118367681392
1897;-0.220953005264;-0.0789117875944
1898;-0.220953005264;-0.149932396429
1899;-0.220953005264;-0.118367681392
1900;-0.252517720302;-0.149932396429
1901;-0.220953005264;-0.149932396429
1902;-0.220953005264;-0.149932396429
1903;-0.220953005264;-0.149932396429
1904;-0.220953005264;-0.149932396429
1905;-0.220953005264;-0.118367681392
1906;-0.220953005264;-0.118367681392
1907;-0.220953005264;-0.118367681392
1908;-0.252517720302;-0.118367681392
1909;-0.220953005264;-0.149932396429
1910;-0.220953005264;-0.149932396429
1911;-0.252517720302;-0.118367681392
1912;-0.220953005264;-0.118367681392
1913;-0.252517720302;-0.0789117875944
1914;-0.252517720302;-0.0789117875944
1915;-0.252517720302;-0.118367681392
1916;-0.252517720302;-0.0789117875944
1917;-0.220953005264;-0.0789117875944
1918;-0.197279468986;-0.118367681392
1919;-0.220953005264;-0.118367681392
1920;-0.220953005264;-0.118367681392
1921;-0.252517720302;-0.118367681392
1922;-0.252517720302;-0.118367681392
1923;-0.220953005264;-0.149932396429
1924;-0.252517720302;-0.149932396429
1925;-0.220953005264;-0.0789117875944
1926;-0.252517720302;-0.149932396429
1927;-0.220953005264;-0.149932396429
1928;-0.220953005264;-0.0473470725566
1929;-0.220953005264;-0.118367681392
1930;-0.220953005264;-0.149932396429
1931;-0.252517720302;-0.149932396429
1932;-0.252517720302;-0.118367681392
1933;-0.220953005264;-0.118367681392
1934;-0.220953005264;-0.118367681392
1935;-0.220953005264;-0.149932396429
1936;-0.220953005264;-0.149932396429
1937;-0.220953005264;-0.118367681392
1938;-0.220953005264;-0.149932396429
1939;-0.220953005264;-0.118367681392
1940;-0.220953005264;-0.118367681392
1941;-0.220953005264;-0.118367681392
1942;-0.220953005264;-0.118367681392
1943;-0.197279468986;-0.149932396429
1944;-0.220953005264;-0.118367681392
1945;-0.197279468986;-0.118367681392
1946;-0.220953005264;-0.118367681392
1947;-0.252517720302;-0.118367681392
1948;-0.220953005264;-0.118367681392
1949;-0.197279468986;-0.0789117875944
1950;-0.220953005264;-0.149932396429
1951;-0.220953005264;-0.149932396429
1952;-0.252517720302;-0.149932396429
1953;-0.220953005264;-0.118367681392
1954;-0.220953005264;-0.118367681392
1955;-0.252517720302;-0.118367681392
1956;-0.220953005264;-0.149932396429
1957;-0.220953005264;-0.0789117875944
1958;-0.220953005264;-0.118367681392
1959;-0.252517720302;-0.149932396429
1960;-0.197279468986;-0.0789117875944
1961;-0.220953005264;-0.118367681392
1962;-0.220953005264;-0.118367681392
1963;-0.220953005264;-0.118367681392
1964;-0.197279468986;-0.0789117875944
1965;-0.220953005264;-0.118367681392
1966;-0.220953005264;-0.0789117875944
1967;-0.197279468986;-0.118367681392
1968;-0.220953005264;-0.149932396429
1969;-0.220953005264;-0.118367681392
1970;-0.252517720302;-0.118367681392
1971;-0.197279468986;-0.149932396429
1972;-0.220953005264;-0.0789117875944
1973;-0.220953005264;-0.149932396429
1974;-0.220953005264;-0.149932396429
1975;-0.220953005264;-0.118367681392
1976;-0.220953005264;-0.118367681392
1977;-0.220953005264;-0.149932396429
1978;-0.220953005264;-0.149932396429
1979;-0.220953005264;-0.118367681392
1980;-0.220953005264;-0.149932396429
1981;-0.252517720302;-0.149932396429
1982;-0.252517720302;-0.118367681392
1983;-0.252517720302;-0.118367681392
1984;-0.220953005264;-0.118367681392
1985;-0.252517720302;-0.118367681392
1986;-0.252517720302;-0.118367681392
1987;-0.220953005264;-0.118367681392
1988;-0.220953005264;-0.0789117875944
1989;-0.252517720302;-0.118367681392
1990;-0.220953005264;-0.118367681392
1991;-0.197279468986;-0.118367681392
1992;-0.220953005264;-0.118367681392
1993;-0.220953005264;-0.0789117875944
1994;-0.220953005264;-0.118367681392
1995;-0.220953005264;-0.149932396429
1996;-0.220953005264;-0.149932396429
1997;-0.220953005264;-0.118367681392
1998;-0.220953005264;-0.0789117875944
1999;-0.252517720302;-0.0789117875944
2000;-0.220953005264;-0.149932396429
2001;-0.220953005264;-0.118367681392
2002;-0.197279468986;-0.118367681392
2003;-0.220953005264;-0.118367681392
2004;-0.252517720302;-0.149932396429
2005;-0.252517720302;-0.118367681392
2006;-0.252517720302;-0.118367681392
2007;-0.220953005264;-0.118367681392
2008;-0.220953005264;-0.149932396429
2009;-0.220953005264;-0.149932396429
2010;-0.252517720302;-0.118367681392
2011;-0.252517720302;-0.118367681392
2012;-0.220953005264;-0.118367681392
2013;-0.252517720302;-0.118367681392
2014;-0.252517720302;-0.0789117875944
2015;-0.252517720302;-0.118367681392
2016;-0.252517720302;-0.118367681392
2017;-0.220953005264;-0.149932396429
2018;-0.220953005264;-0.118367681392
2019;-0.252517720302;-0.149932396429
2020;-0.252517720302;-0.118367681392
2021;-0.220953005264;-0.0789117875944
2022;-0.220953005264;-0.118367681392
2023;-0.252517720302;-0.118367681392
2024;-0.220953005264;-0.0789117875944
2025;-0.220953005264;-0.118367681392
2026;-0.220953005264;-0.149932396429
2027;-0.252517720302;-0.0789117875944
2028;-0.220953005264;-0.0789117875944
2029;-0.220953005264;-0.118367681392
2030;-0.220953005264;-0.118367681392
2031;-0.252517720302;-0.149932396429
2032;-0.220953005264;-0.149932396429
2033;-0.252517720302;-0.118367681392
2034;-0.27619125658;-0.118367681392
2035;-0.220953005264;-0.118367681392
2036;-0.252517720302;-0.118367681392
2037;-0.220953005264;-0.118367681392
2038;-0.220953005264;-0.149932396429
2039;-0.220953005264;-0.118367681392
2040;-0.220953005264;-0.0789117875944
2041;-0.220953005264;-0.118367681392
2042;-0.220953005264;-0.149932396429
2043;-0.220953005264;-0.149932396429
2044;-0.220953005264;-0.118367681392
2045;-0.220953005264;-0.118367681392
2046;-0.220953005264;-0.118367681392
2047;-0.220953005264;-0.149932396429
2048;-0.197279468986;-0.0789117875944
2049;-0.220953005264;-0.149932396429
2050;-0.220953005264;-0.118367681392
2051;-0.197279468986;-0.118367681392
2052;-0.220953005264;-0.118367681392
2053;-0.220953005264;-0.149932396429
2054;-0.220953005264;-0.149932396429
2055;-0.220953005264;-0.118367681392
2056;-0.220953005264;-0.118367681392
2057;-0.252517720302;-0.118367681392
2058;-0.252517720302;-0.118367681392
2059;-0.220953005264;-0.118367681392
2060;-0.220953005264;-0.0473470725566
2061;-0.252517720302;-0.149932396429
2062;-0.220953005264;-0.118367681392
2063;-0.220953005264;-0.118367681392
2064;-0.220953005264;-0.118367681392
2065;-0.252517720302;-0.149932396429
2066;-0.220953005264;-0.118367681392
2067;-0.220953005264;-0.118367681392
2068;-0.197279468986;-0.0789117875944
2069;-0.220953005264;-0.118367681392
2070;-0.220953005264;-0.118367681392
2071;-0.220953005264;-0.118367681392
2072;-0.197279468986;-0.118367681392
2073;-0.252517720302;-0.149932396429
2074;-0.197279468986;-0.118367681392
2075;-0.197279468986;-0.118367681392
2076;-0.220953005264;-0.118367681392
2077;-0.252517720302;-0.0789117875944
2078;-0.220953005264;-0.118367681392
2079;-0.197279468986;-0.118367681392
2080;-0.252517720302;-0.118367681392
2081;-0.220953005264;-0.149932396429
2082;-0.220953005264;-0.118367681392
2083;-0.220953005264;-0.118367681392
2084;-0.252517720302;-0.118367681392
2085;-0.220953005264;-0.0789117875944
2086;-0.220953005264;-0.149932396429
2087;-0.220953005264;-0.118367681392
2088;-0.27619125658;-0.118367681392
2089;-0.27619125658;-0.118367681392
2090;-0.252517720302;-0.118367681392
2091;-0.220953005264;-0.118367681392
2092;-0.220953005264;-0.149932396429
2093;-0.252517720302;-0.149932396429
2094;-0.220953005264;-0.118367681392
2095;-0.220953005264;-0.118367681392
2096;-0.252517720302;-0.149932396429
2097;-0.252517720302;-0.118367681392
2098;-0.252517720302;-0.118367681392
2099;-0.220953005264;-0.118367681392
2100;-0.252517720302;-0.149932396429
2101;-0.252517720302;-0.149932396429
2102;-0.252517720302;-0.118367681392
2103;-0.220953005264;-0.118367681392
2104;-0.252517720302;-0.118367681392
2105;-0.220953005264;-0.149932396429
2106;-0.220953005264;-0.118367681392
2107;-0.252517720302;-0.118367681392
2108;-0.220953005264;-0.118367681392
2109;-0.220953005264;-0.149932396429
2110;-0.220953005264;-0.149932396429
2111;-0.220953005264;-0.118367681392
2112;-0.220953005264;-0.149932396429
2113;-0.220953005264;-0.118367681392
2114;-0.220953005264;-0.118367681392
2115;-0.220953005264;-0.149932396429
2116;-0.197279468986;-0.181497111467
2117;-0.220953005264;-0.0789117875944
2118;-0.220953005264;-0.118367681392
2119;-0.197279468986;-0.149932396429
2120;-0.220953005264;-0.118367681392
2121;-0.220953005264;-0.118367681392
2122;-0.220953005264;-0.0789117875944
2123;-0.220953005264;-0.118367681392
2124;-0.220953005264;-0.149932396429
2125;-0.252517720302;-0.118367681392
2126;-0.220953005264;-0.118367681392
2127;-0.220953005264;-0.118367681392
2128;-0.220953005264;-0.118367681392
2129;-0.220953005264;-0.149932396429
2130;-0.27619125658;-0.0789117875944
2131;-0.220953005264;-0.118367681392
2132;-0.252517720302;-0.118367681392
2133;-0.220953005264;-0.118367681392
2134;-0.252517720302;-0.118367681392
2135;-0.220953005264;-0.0789117875944
2136;-0.252517720302;-0.118367681392
2137;-0.252517720302;-0.118367681392
2138;-0.252517720302;-0.118367681392
2139;-0.252517720302;-0.0789117875944
2140;-0.220953005264;-0.0789117875944
2141;-0.220953005264;-0.118367681392
2142;-0.252517720302;-0.118367681392
2143;-0.220953005264;-0.0789117875944
2144;-0.220953005264;-0.0789117875944
2145;-0.220953005264;-0.118367681392
2146;-0.220953005264;-0.118367681392
2147;-0.220953005264;-0.149932396429
2148;-0.252517720302;-0.118367681392
2149;-0.252517720302;-0.118367681392
2150;-0.220953005264;-0.149932396429
2151;-0.220953005264;-0.0789117875944
2152;-0.252517720302;-0.118367681392
2153;-0.220953005264;-0.118367681392
2154;-0.220953005264;-0.0789117875944
2155;-0.220953005264;-0.118367681392
2156;-0.220953005264;-0.118367681392
2157;-0.220953005264;-0.149932396429
2158;-0.197279468986;-0.118367681392
2159;-0.220953005264;-0.0789117875944
2160;-0.220953005264;-0.149932396429
2161;-0.220953005264;-0.149932396429
2162;-0.220953005264;-0.118367681392
2163;-0.220953005264;-0.118367681392
2164;-0.252517720302;-0.118367681392
2165;-0.252517720302;-0.149932396429
2166;-0.220953005264;-0.0789117875944
2167;-0.197279468986;-0.0473470725566
2168;-0.220953005264;-0.118367681392
2169;-0.252517720302;-0.118367681392
2170;-0.220953005264;-0.118367681392
2171;-0.220953005264;-0.118367681392
2172;-0.220953005264;-0.118367681392
2173;-0.220953005264;-0.118367681392
2174;-0.220953005264;-0.118367681392
2175;-0.220953005264;-0.0789117875944
2176;-0.220953005264;-0.181497111467
2177;-0.220953005264;-0.118367681392
2178;-0.220953005264;-0.118367681392
2179;-0.220953005264;-0.118367681392
2180;-0.220953005264;-0.118367681392
2181;-0.252517720302;-0.118367681392
2182;-0.27619125658;-0.149932396429
2183;-0.220953005264;-0.0789117875944
2184;-0.220953005264;-0.0789117875944
2185;-0.220953005264;-0.149932396429
2186;-0.220953005264;-0.0789117875944
2187;-0.252517720302;-0.0789117875944
2188;-0.220953005264;-0.149932396429
2189;-0.220953005264;-0.118367681392
2190;-0.220953005264;-0.118367681392
2191;-0.220953005264;-0.149932396429
2192;-0.252517720302;-0.0789117875944
2193;-0.252517720302;-0.118367681392
2194;-0.252517720302;-0.118367681392
2195;-0.220953005264;-0.118367681392
2196;-0.220953005264;-0.149932396429
2197;-0.252517720302;-0.118367681392
2198;-0.197279468986;-0.118367681392
2199;-0.220953005264;-0.118367681392
2200;-0.252517720302;-0.118367681392
2201;-0.220953005264;-0.149932396429
2202;-0.27619125658;-0.149932396429
2203;-0.220953005264;-0.118367681392
2204;-0.27619125658;-0.118367681392
2205;-0.220953005264;-0.118367681392
2206;-0.197279468986;-0.118367681392
2207;-0.220953005264;-0.149932396429
2208;-0.220953005264;-0.149932396429
2209;-0.220953005264;-0.0789117875944
2210;-0.220953005264;-0.149932396429
2211;-0.197279468986;-0.118367681392
2212;-0.252517720302;-0.118367681392
2213;-0.252517720302;-0.181497111467
2214;-0.220953005264;-0.149932396429
2215;-0.27619125658;-0.118367681392
2216;-0.220953005264;-0.118367681392
2217;-0.252517720302;-0.118367681392
2218;-0.220953005264;-0.149932396429
2219;-0.220953005264;-0.118367681392
2220;-0.220953005264;-0.149932396429
2221;-0.220953005264;-0.118367681392
2222;-0.220953005264;-0.0789117875944
2223;-0.197279468986;-0.149932396429
2224;-0.197279468986;-0.149932396429
2225;-0.220953005264;-0.149932396429
2226;-0.252517720302;-0.118367681392
2227;-0.220953005264;-0.118367681392
2228;-0.252517720302;-0.181497111467
2229;-0.197279468986;-0.0789117875944
2230;-0.252517720302;-0.181497111467
2231;-0.220953005264;-0.149932396429
2232;-0.220953005264;-0.118367681392
2233;-0.220953005264;-0.118367681392
2234;-0.197279468986;-0.118367681392
2235;-0.252517720302;-0.149932396429
2236;-0.252517720302;-0.149932396429
2237;-0.220953005264;-0.0789117875944
2238;-0.220953005264;-0.149932396429
2239;-0.252517720302;-0.118367681392
2240;-0.252517720302;-0.149932396429
2241;-0.220953005264;-0.118367681392
2242;-0.252517720302;-0.118367681392
2243;-0.252517720302;-0.149932396429
2244;-0.252517720302;-0.149932396429
2245;-0.252517720302;-0.149932396429
2246;-0.252517720302;-0.149932396429
2247;-0.252517720302;-0.149932396429
2248;-0.197279468986;-0.149932396429
2249;-0.165714753948;-0.118367681392
2250;-0.220953005264;-0.0789117875944
2251;-0.252517720302;-0.220953005264
2252;-0.220953005264;-0.149932396429
2253;-0.252517720302;-0.149932396429
2254;-0.252517720302;-0.149932396429
2255;-0.252517720302;-0.181497111467
2256;-0.220953005264;-0.149932396429
2257;-0.220953005264;-0.181497111467
2258;-0.252517720302;-0.149932396429
2259;-0.252517720302;-0.149932396429
2260;-0.27619125658;-0.118367681392
2261;-0.220953005264;-0.149932396429
2262;-0.252517720302;-0.118367681392
2263;-0.220953005264;-0.149932396429
2264;-0.252517720302;-0.118367681392
2265;-0.220953005264;-0.118367681392
2266;-0.252517720302;-0.149932396429
2267;-0.220953005264;-0.149932396429
2268;-0.27619125658;-0.149932396429
2269;-0.27619125658;-0.149932396429
2270;-0.252517720302;-0.149932396429
2271;-0.27619125658;-0.118367681392
2272;-0.252517720302;-0.118367681392
2273;-0.27619125658;-0.149932396429
2274;-0.27619125658;-0.181497111467
2275;-0.27619125658;-0.181497111467
2276;-0.252517720302;-0.149932396429
2277;-0.27619125658;-0.181497111467
2278;-0.27619125658;-0.149932396429
2279;-0.252517720302;-0.149932396429
2280;-0.252517720302;-0.149932396429
2281;-0.27619125658;-0.181497111467
2282;-0.220953005264;-0.181497111467
2283;-0.252517720302;-0.149932396429
2284;-0.252517720302;-0.181497111467
2285;-0.27619125658;-0.149932396429
2286;-0.220953005264;-0.149932396429
2287;-0.252517720302;-0.149932396429
2288;-0.220953005264;-0.149932396429
2289;-0.27619125658;-0.181497111467
2290;-0.252517720302;-0.181497111467
2291;-0.252517720302;-0.118367681392
2292;-0.220953005264;-0.149932396429
2293;-0.197279468986;-0.149932396429
2294;-0.220953005264;-0.149932396429
2295;-0.27619125658;-0.149932396429
2296;-0.27619125658;-0.149932396429
2297;-0.252517720302;-0.149932396429
2298;-0.27619125658;-0.149932396429
2299;-0.27619125658;-0.118367681392
2300;-0.27619125658;-0.118367681392
2301;-0.252517720302;-0.149932396429
2302;-0.27619125658;-0.220953005264
2303;-0.252517720302;-0.181497111467
2304;-0.27619125658;-0.181497111467
2305;-0.252517720302;-0.181497111467
2306;-0.252517720302;-0.149932396429
2307;-0.252517720302;-0.118367681392
2308;-0.252517720302;-0.149932396429
2309;-0.220953005264;-0.149932396429
2310;-0.252517720302;-0.149932396429
2311;-0.252517720302;-0.149932396429
2312;-0.252517720302;-0.149932396429
2313;-0.252517720302;-0.149932396429
2314;-0.252517720302;-0.149932396429
2315;-0.220953005264;-0.149932396429
2316;-0.252517720302;-0.149932396429
2317;-0.252517720302;-0.149932396429
2318;-0.252517720302;-0.181497111467
2319;-0.220953005264;-0.118367681392
2320;-0.220953005264;-0.149932396429
2321;-0.252517720302;-0.149932396429
2322;-0.252517720302;-0.149932396429
2323;-0.220953005264;-0.149932396429
2324;-0.27619125658;-0.149932396429
2325;-0.252517720302;-0.149932396429
2326;-0.27619125658;-0.118367681392
2327;-0.252517720302;-0.149932396429
2328;-0.252517720302;-0.149932396429
2329;-0.252517720302;-0.149932396429
2330;-0.252517720302;-0.149932396429
2331;-0.252517720302;-0.181497111467
2332;-0.252517720302;-0.181497111467
2333;-0.307755971618;-0.149932396429
2334;-0.252517720302;-0.118367681392
2335;-0.27619125658;-0.149932396429
2336;-0.252517720302;-0.181497111467
2337;-0.252517720302;-0.149932396429
2338;-0.27619125658;-0.149932396429
2339;-0.252517720302;-0.149932396429
2340;-0.252517720302;-0.149932396429
2341;-0.27619125658;-0.181497111467
2342;-0.252517720302;-0.149932396429
2343;-0.27619125658;-0.149932396429
2344;-0.27619125658;-0.181497111467
2345;-0.252517720302;-0.149932396429
2346;-0.27619125658;-0.118367681392
2347;-0.27619125658;-0.118367681392
2348;-0.252517720302;-0.181497111467
2349;-0.27619125658;-0.149932396429
2350;-0.252517720302;-0.118367681392
2351;-0.27619125658;-0.181497111467
