0;-0.134150038911;0.386667759213
0;-0.0236735362783;0.323538329137
1;-0.0473470725566;0.323538329137
2;0.0631294300755;0.520817798123
3;-0.134150038911;0.323538329137
4;-0.252517720302;0.323538329137
5;-0.134150038911;0.355103044175
6;-0.0473470725566;0.386667759213
7;-0.71020608835;0.355103044175
8;0.694423730831;0.355103044175
9;0.0631294300755;0.252517720302
10;0.268300077821;0.323538329137
11;0.268300077821;0.355103044175
12;0.149932396429;0.323538329137
13;0.149932396429;0.28408243534
14;0.149932396429;0.355103044175
15;0.0946941451133;0.28408243534
16;0.0631294300755;0.28408243534
17;0.00789117875944;0.252517720302
18;0.0394558937972;0.252517720302
19;0.0631294300755;0.252517720302
20;-0.220953005264;0.28408243534
21;0.552382513161;0.28408243534
22;1.1284385626;0.323538329137
23;3.4247715816;0.28408243534
24;15.9165075578;0.28408243534
25;9.54043512016;0.252517720302
26;9.42206743877;0.28408243534
27;9.71404105287;0.28408243534
28;11.1186708721;0.28408243534
29;8.4830171664;0.220953005264
30;1.56245339437;0.323538329137
31;8.39621420005;0.28408243534
32;1.01007088121;0.220953005264
33;0.607620764477;0.28408243534
34;9.91132052186;0.355103044175
35;10.0296882033;0.323538329137
36;9.59567337148;0.252517720302
37;11.9235711055;0.28408243534
38;12.988880238;0.252517720302
39;13.3597656397;0.386667759213
40;14.2751423758;0.386667759213
41;11.8052034241;0.28408243534
42;9.59567337148;0.457688368048
43;8.67240545663;0.457688368048
44;11.2370385534;0.41823247425
45;11.315950341;0.41823247425
46;14.2514688396;0.386667759213
47;2.10694472877;0.457688368048
48;1.38884746166;0.457688368048
49;0.923267914855;0.489253083085
50;0.694423730831;0.457688368048
51;0.552382513161;0.489253083085
52;0.465579546807;0.489253083085
53;0.355103044175;0.457688368048
54;0.291973614099;0.457688368048
55;0.236735362783;0.489253083085
56;0.181497111467;0.457688368048
57;0.181497111467;0.457688368048
58;0.118367681392;0.489253083085
59;0.118367681392;0.457688368048
60;0.118367681392;0.489253083085
61;0.0394558937972;0.489253083085
62;0.0631294300755;0.41823247425
63;0.0631294300755;0.489253083085
64;-0.0236735362783;0.457688368048
65;0.00789117875944;0.489253083085
66;-0.0236735362783;0.489253083085
67;-0.0236735362783;0.489253083085
68;-0.0473470725566;0.489253083085
69;-0.110476502632;0.489253083085
70;-0.0473470725566;0.520817798123
71;-0.110476502632;0.591838406958
72;-0.134150038911;0.520817798123
73;-0.110476502632;0.520817798123
74;-0.134150038911;0.623403121996
75;-0.134150038911;0.520817798123
76;-0.197279468986;0.520817798123
77;-0.197279468986;0.520817798123
78;-0.134150038911;0.520817798123
79;-0.220953005264;0.591838406958
80;-0.165714753948;0.591838406958
81;-0.252517720302;0.520817798123
82;-0.252517720302;0.591838406958
83;-0.252517720302;0.591838406958
84;-0.307755971618;0.489253083085
85;-0.307755971618;0.489253083085
86;-0.307755971618;0.591838406958
87;-0.362994222934;0.56027369192
88;-0.27619125658;0.56027369192
89;-0.27619125658;0.56027369192
90;-0.339320686656;0.623403121996
91;-0.307755971618;0.623403121996
92;-0.27619125658;0.623403121996
93;-0.307755971618;0.623403121996
94;-0.339320686656;0.591838406958
95;-0.307755971618;0.56027369192
96;-0.339320686656;0.694423730831
97;-0.339320686656;0.56027369192
98;-0.339320686656;0.591838406958
99;-0.394558937972;0.623403121996
100;-0.394558937972;0.56027369192
101;-0.362994222934;0.623403121996
102;-0.42612365301;0.56027369192
103;-0.362994222934;0.489253083085
104;-0.339320686656;0.56027369192
105;-0.197279468986;0.662859015793
106;-0.362994222934;0.662859015793
107;-0.339320686656;0.56027369192
108;-0.307755971618;0.662859015793
109;10.4005736049;0.623403121996
110;18.5600524422;0.591838406958
111;18.3864465095;0.56027369192
112;14.8827631403;0.56027369192
113;17.1790961593;0.623403121996
114;18.7336583749;0.591838406958
115;16.3505223896;0.591838406958
116;15.71133691;0.662859015793
117;14.7643954589;0.623403121996
118;15.253648542;0.662859015793
119;16.2873929595;0.591838406958
120;3.7167451957;0.662859015793
121;2.73823902953;0.662859015793
122;1.93333879606;0.591838406958
123;-0.42612365301;0.591838406958
124;-2.43837423667;0.623403121996
125;-2.23320358892;0.662859015793
126;-2.8408243534;0.725988445869
127;-3.03810382238;0.623403121996
128;-3.00653910735;0.591838406958
129;-2.91973614099;0.662859015793
130;-1.51510632181;0.725988445869
131;-1.97279468986;0.591838406958
132;-2.17796533761;0.56027369192
133;-2.17796533761;0.591838406958
134;-2.26476830396;0.591838406958
135;-2.23320358892;0.623403121996
136;-2.23320358892;0.662859015793
137;-2.23320358892;0.56027369192
138;-2.20163887388;0.725988445869
139;-2.20163887388;0.623403121996
140;-2.20163887388;0.725988445869
141;-2.20163887388;0.694423730831
142;-2.20163887388;0.662859015793
143;-2.20163887388;0.623403121996
144;-2.20163887388;0.623403121996
145;-2.20163887388;0.694423730831
146;-2.20163887388;0.662859015793
147;-2.17796533761;0.662859015793
148;-2.17796533761;0.591838406958
149;-2.20163887388;0.623403121996
150;-2.17796533761;0.765444339666
151;-2.20163887388;0.623403121996
152;-2.20163887388;0.797009054704
153;-2.20163887388;0.797009054704
154;-2.20163887388;0.765444339666
155;-2.20163887388;0.694423730831
156;-2.20163887388;0.797009054704
157;-2.17796533761;0.797009054704
158;-2.17796533761;0.828573769741
159;-2.20163887388;0.828573769741
160;-2.17796533761;0.899594378576
161;-2.17796533761;0.765444339666
162;-2.20163887388;0.868029663539
163;-2.17796533761;0.931159093614
164;-2.17796533761;0.868029663539
165;-2.17796533761;0.970614987411
166;-2.17796533761;0.828573769741
167;-2.17796533761;0.868029663539
168;-2.20163887388;0.868029663539
169;-2.20163887388;1.00217970245
170;-2.14640062257;0.868029663539
171;-2.14640062257;0.828573769741
172;-2.14640062257;0.828573769741
173;-2.17796533761;0.868029663539
174;-2.14640062257;0.725988445869
175;-2.14640062257;0.797009054704
176;-2.14640062257;0.828573769741
177;-2.14640062257;0.868029663539
178;-2.14640062257;0.868029663539
179;-2.14640062257;0.797009054704
180;-2.17796533761;0.797009054704
181;-2.17796533761;0.868029663539
182;-2.17796533761;0.828573769741
183;-2.17796533761;0.828573769741
184;-2.17796533761;0.765444339666
185;-2.17796533761;0.828573769741
186;-2.17796533761;0.828573769741
187;-2.17796533761;0.868029663539
188;-2.17796533761;0.797009054704
189;-2.17796533761;0.828573769741
190;-2.17796533761;0.797009054704
191;-2.17796533761;0.765444339666
192;-2.14640062257;0.797009054704
193;-2.17796533761;0.828573769741
194;-2.17796533761;0.725988445869
195;-2.17796533761;0.797009054704
196;-2.17796533761;0.868029663539
197;-2.20163887388;0.765444339666
198;-2.14640062257;0.725988445869
199;-2.17796533761;0.765444339666
200;-2.17796533761;0.797009054704
201;-2.20163887388;0.765444339666
202;-2.17796533761;0.725988445869
203;-2.17796533761;0.725988445869
204;-2.20163887388;0.662859015793
205;-2.20163887388;0.725988445869
206;-2.20163887388;0.694423730831
207;-2.17796533761;0.623403121996
208;-2.17796533761;0.694423730831
209;-2.20163887388;0.694423730831
210;-2.17796533761;0.623403121996
211;-2.17796533761;0.623403121996
212;-2.17796533761;0.623403121996
213;-2.17796533761;0.591838406958
214;-2.20163887388;0.591838406958
215;-2.14640062257;0.56027369192
216;-2.14640062257;0.591838406958
217;-2.14640062257;0.623403121996
218;-2.14640062257;0.520817798123
219;-2.11483590753;0.591838406958
220;0.552382513161;0.56027369192
221;0.378776580453;0.56027369192
222;1.04163559625;0.56027369192
223;3.80354816205;0.520817798123
224;6.12355471733;0.489253083085
225;6.09988118105;0.520817798123
226;9.22478796979;0.520817798123
227;11.1186708721;0.520817798123
228;12.6101036576;0.520817798123
229;12.0971770382;0.520817798123
230;10.2822059236;0.520817798123
231;1.81497111467;0.489253083085
232;2.28055066148;0.489253083085
233;4.37171303273;0.489253083085
234;6.06831646601;0.520817798123
235;8.56982013275;0.489253083085
236;12.3260212222;0.520817798123
237;7.59131396658;0.56027369192
238;11.7815298878;0.489253083085
239;6.29716065003;0.56027369192
240;9.05118203708;0.56027369192
241;12.7837095903;0.520817798123
242;10.4558118563;0.56027369192
243;12.0971770382;0.56027369192
244;13.3282009247;0.591838406958
245;11.2607120897;0.623403121996
246;11.3475150561;0.56027369192
247;11.2370385534;0.591838406958
248;11.1186708721;0.591838406958
249;11.1186708721;0.591838406958
250;1.72816814832;0.56027369192
251;1.35728274662;0.591838406958
252;0.84435612726;0.662859015793
253;0.497144261845;0.694423730831
254;0.497144261845;0.355103044175
255;0.441906010529;0.591838406958
256;0.378776580453;0.591838406958
257;0.378776580453;0.591838406958
258;0.323538329137;0.694423730831
259;0.291973614099;0.694423730831
260;0.410341295491;0.662859015793
261;0.355103044175;0.694423730831
262;0.323538329137;0.797009054704
263;0.236735362783;0.725988445869
264;0.236735362783;0.694423730831
265;0.205170647745;0.694423730831
266;0.181497111467;0.725988445869
267;0.181497111467;0.765444339666
268;0.118367681392;0.694423730831
269;0.118367681392;0.694423730831
270;0.0946941451133;0.662859015793
271;0.0394558937972;0.725988445869
272;0.0394558937972;0.623403121996
273;0.00789117875944;0.694423730831
274;-0.0473470725566;0.725988445869
275;-0.0789117875944;0.694423730831
276;-0.110476502632;0.662859015793
277;-0.110476502632;0.623403121996
278;-0.0473470725566;0.623403121996
279;-0.0789117875944;0.623403121996
280;-0.0789117875944;0.694423730831
281;-0.110476502632;0.694423730831
282;-0.110476502632;0.694423730831
283;-0.134150038911;0.662859015793
284;-0.165714753948;0.694423730831
285;-0.165714753948;0.694423730831
286;-0.165714753948;0.623403121996
287;-0.220953005264;0.662859015793
288;-0.220953005264;0.623403121996
289;-0.252517720302;0.591838406958
290;-0.307755971618;0.591838406958
291;-0.252517720302;0.662859015793
292;-0.197279468986;0.662859015793
293;-0.220953005264;0.694423730831
294;-0.252517720302;0.662859015793
295;-0.252517720302;0.662859015793
296;-0.27619125658;0.591838406958
297;-0.27619125658;0.591838406958
298;-0.27619125658;0.623403121996
299;-0.27619125658;0.56027369192
300;-0.307755971618;0.591838406958
301;-0.362994222934;0.56027369192
302;-0.339320686656;0.591838406958
303;-0.362994222934;0.520817798123
304;-0.362994222934;0.520817798123
305;-0.339320686656;0.56027369192
306;-0.339320686656;0.591838406958
307;-0.339320686656;0.489253083085
308;-0.307755971618;0.520817798123
309;-0.42612365301;0.520817798123
310;-0.362994222934;0.520817798123
311;-0.339320686656;0.489253083085
312;-0.362994222934;0.489253083085
313;-0.339320686656;0.489253083085
314;-0.362994222934;0.520817798123
315;-0.362994222934;0.489253083085
316;-0.362994222934;0.489253083085
317;-0.362994222934;0.520817798123
318;-0.362994222934;0.520817798123
319;-0.362994222934;0.457688368048
320;-0.362994222934;0.520817798123
321;-0.394558937972;0.591838406958
322;-0.362994222934;0.56027369192
323;-0.362994222934;0.591838406958
324;-0.362994222934;0.56027369192
325;-0.362994222934;0.56027369192
326;-0.394558937972;0.56027369192
327;-0.42612365301;0.56027369192
328;-0.394558937972;0.56027369192
329;-0.362994222934;0.56027369192
330;-0.394558937972;0.56027369192
331;-0.394558937972;0.56027369192
332;-0.394558937972;0.56027369192
333;-0.42612365301;0.56027369192
334;-0.42612365301;0.520817798123
335;-0.449797189288;0.520817798123
336;-0.42612365301;0.56027369192
337;-0.394558937972;0.489253083085
338;-0.42612365301;0.520817798123
339;-0.42612365301;0.489253083085
340;-0.394558937972;0.56027369192
341;-0.394558937972;0.520817798123
342;-0.394558937972;0.520817798123
343;-0.394558937972;0.489253083085
344;-0.42612365301;0.489253083085
345;-0.394558937972;0.489253083085
346;-0.42612365301;0.489253083085
347;-0.449797189288;0.520817798123
348;-0.42612365301;0.520817798123
349;-0.449797189288;0.457688368048
350;-0.394558937972;0.457688368048
351;-0.42612365301;0.457688368048
352;-0.42612365301;0.41823247425
353;-0.42612365301;0.386667759213
354;-0.449797189288;0.41823247425
355;-0.449797189288;0.41823247425
356;-0.42612365301;0.41823247425
357;-0.449797189288;0.386667759213
358;-0.481361904326;0.386667759213
359;-0.42612365301;0.386667759213
360;-0.536600155642;0.386667759213
361;-0.56816487068;0.41823247425
362;-0.512926619364;0.489253083085
363;-0.481361904326;0.41823247425
364;8.22260826734;0.386667759213
365;6.1866841474;0.386667759213
366;5.12137501488;0.386667759213
367;8.70397017166;0.41823247425
368;9.42206743877;0.41823247425
369;10.660982504;0.386667759213
370;12.0103740719;0.386667759213
371;12.3260212222;0.457688368048
372;12.3575859373;0.457688368048
373;13.2413979583;0.41823247425
374;13.186159707;0.457688368048
375;12.8152743053;0.489253083085
376;14.0226246555;0.457688368048
377;12.7521448753;0.489253083085
378;11.9235711055;0.520817798123
379;15.8849428428;0.520817798123
380;16.7214077913;0.56027369192
381;13.5333715724;0.56027369192
382;3.51157454795;0.56027369192
383;2.42259187915;0.520817798123
384;0.812791412222;0.56027369192
385;0.812791412222;0.56027369192
386;0.899594378576;0.56027369192
387;0.84435612726;0.623403121996
388;0.639185479515;0.56027369192
389;0.639185479515;0.56027369192
390;0.607620764477;0.56027369192
391;0.639185479515;0.591838406958
392;0.607620764477;0.56027369192
393;0.607620764477;0.520817798123
394;0.639185479515;0.623403121996
395;0.670750194553;0.662859015793
396;0.694423730831;0.662859015793
397;0.639185479515;0.662859015793
398;0.639185479515;0.591838406958
399;0.607620764477;0.623403121996
400;0.607620764477;0.662859015793
401;0.639185479515;0.591838406958
402;0.639185479515;0.591838406958
403;0.639185479515;0.623403121996
404;0.670750194553;0.56027369192
405;0.639185479515;0.662859015793
406;0.639185479515;0.662859015793
407;0.670750194553;0.591838406958
408;0.607620764477;0.56027369192
409;0.639185479515;0.623403121996
410;0.639185479515;0.591838406958
411;0.670750194553;0.623403121996
412;0.670750194553;0.56027369192
413;0.670750194553;0.623403121996
414;0.670750194553;0.662859015793
415;0.670750194553;0.56027369192
416;0.670750194553;0.56027369192
417;0.639185479515;0.591838406958
418;0.639185479515;0.591838406958
419;0.607620764477;0.623403121996
420;0.670750194553;0.662859015793
421;0.670750194553;0.662859015793
422;0.670750194553;0.623403121996
423;0.670750194553;0.623403121996
424;0.639185479515;0.725988445869
425;0.670750194553;0.591838406958
426;0.670750194553;0.623403121996
427;0.639185479515;0.56027369192
428;0.670750194553;0.56027369192
429;0.670750194553;0.457688368048
430;0.639185479515;0.591838406958
431;0.639185479515;0.725988445869
432;0.639185479515;0.520817798123
433;0.639185479515;0.694423730831
434;0.607620764477;0.623403121996
435;0.639185479515;0.591838406958
436;0.639185479515;0.591838406958
437;0.639185479515;0.797009054704
438;0.639185479515;0.694423730831
439;0.670750194553;0.623403121996
440;0.607620764477;0.591838406958
441;0.639185479515;0.591838406958
442;0.607620764477;0.520817798123
443;0.639185479515;0.520817798123
444;0.639185479515;0.56027369192
445;0.607620764477;0.56027369192
446;0.607620764477;0.520817798123
447;0.639185479515;0.489253083085
448;0.639185479515;0.457688368048
449;0.607620764477;0.591838406958
450;0.607620764477;0.56027369192
451;0.639185479515;0.520817798123
452;0.607620764477;0.623403121996
453;0.607620764477;0.56027369192
454;0.639185479515;0.694423730831
455;0.607620764477;0.623403121996
456;0.607620764477;0.591838406958
457;0.607620764477;0.623403121996
458;0.607620764477;0.623403121996
459;0.639185479515;0.56027369192
460;0.607620764477;0.56027369192
461;0.607620764477;0.56027369192
462;0.583947228199;0.56027369192
463;0.583947228199;0.56027369192
464;0.552382513161;0.520817798123
465;0.583947228199;0.489253083085
466;0.552382513161;0.489253083085
467;0.552382513161;0.489253083085
468;0.583947228199;0.489253083085
469;0.583947228199;0.520817798123
470;0.583947228199;0.56027369192
471;0.552382513161;0.520817798123
472;0.552382513161;0.520817798123
473;0.583947228199;0.489253083085
474;0.639185479515;0.457688368048
475;0.607620764477;0.623403121996
476;0.639185479515;0.489253083085
477;0.670750194553;0.457688368048
478;0.639185479515;0.41823247425
479;0.639185479515;0.489253083085
480;0.607620764477;0.489253083085
481;0.607620764477;0.520817798123
482;24.1943540764;0.489253083085
483;2.33578891279;0.520817798123
484;1.1284385626;0.252517720302
485;14.3382718059;0.355103044175
486;3.36953333028;0.28408243534
487;-0.165714753948;0.489253083085
488;0.899594378576;0.457688368048
489;1.1284385626;0.41823247425
490;0.84435612726;0.457688368048
491;0.639185479515;0.41823247425
492;15.4272544747;0.457688368048
493;9.56410865644;0.457688368048
494;11.5211209888;0.41823247425
495;13.7069775051;0.457688368048
496;16.7766460426;0.41823247425
497;21.1483590753;0.489253083085
498;25.2517720302;0.457688368048
499;22.6950301122;0.520817798123
500;21.1167943603;0.489253083085
501;17.2658991257;0.489253083085
502;19.6253615747;0.56027369192
503;34.1845863859;0.591838406958
504;9.13798500343;0.662859015793
505;3.969262916;0.56027369192
506;2.91184496223;0.694423730831
507;1.87810054475;0.662859015793
508;0.954832629892;0.765444339666
509;0.441906010529;0.694423730831
510;0.378776580453;0.725988445869
511;0.323538329137;0.765444339666
512;0.268300077821;0.725988445869
513;0.205170647745;0.765444339666
514;0.149932396429;0.725988445869
515;0.118367681392;0.725988445869
516;0.0631294300755;0.694423730831
517;0.00789117875944;0.765444339666
518;0.0394558937972;0.725988445869
519;-0.0236735362783;0.797009054704
520;-0.0236735362783;0.797009054704
521;-0.0236735362783;0.725988445869
522;-0.0473470725566;0.765444339666
523;-0.0473470725566;0.694423730831
524;-0.0789117875944;0.725988445869
525;-0.110476502632;0.725988445869
526;-0.134150038911;0.765444339666
527;-0.134150038911;0.765444339666
528;-0.165714753948;0.765444339666
529;-0.220953005264;0.725988445869
530;-0.197279468986;0.725988445869
531;-0.165714753948;0.765444339666
532;-0.197279468986;0.725988445869
533;-0.165714753948;0.694423730831
534;-0.220953005264;0.765444339666
535;-0.252517720302;0.623403121996
536;-0.220953005264;0.694423730831
537;-0.252517720302;0.725988445869
538;-0.27619125658;0.765444339666
539;-0.27619125658;0.662859015793
540;-0.339320686656;0.694423730831
541;-0.339320686656;0.725988445869
542;-0.307755971618;0.765444339666
543;-0.362994222934;0.662859015793
544;-0.339320686656;0.662859015793
545;-0.362994222934;0.694423730831
546;-0.42612365301;0.662859015793
547;-0.362994222934;0.56027369192
548;-0.42612365301;0.623403121996
549;-0.339320686656;0.623403121996
550;-0.362994222934;0.694423730831
551;-0.339320686656;0.56027369192
552;-0.394558937972;0.591838406958
553;-0.394558937972;0.56027369192
554;-0.42612365301;0.623403121996
555;-0.362994222934;0.591838406958
556;-0.362994222934;0.591838406958
557;-0.394558937972;0.591838406958
558;-0.42612365301;0.591838406958
559;-0.362994222934;0.694423730831
560;-0.42612365301;0.591838406958
561;-0.394558937972;0.591838406958
562;-0.42612365301;0.56027369192
563;-0.394558937972;0.56027369192
564;-0.394558937972;0.623403121996
565;-0.42612365301;0.623403121996
566;-0.394558937972;0.623403121996
567;-0.394558937972;0.623403121996
568;-0.394558937972;0.662859015793
569;-0.362994222934;0.725988445869
570;-0.394558937972;0.56027369192
571;-0.394558937972;0.662859015793
572;-0.394558937972;0.694423730831
573;-0.42612365301;0.694423730831
574;-0.394558937972;0.662859015793
575;-0.394558937972;0.591838406958
576;-0.42612365301;0.623403121996
577;-0.42612365301;0.591838406958
578;-0.42612365301;0.591838406958
579;-0.449797189288;0.591838406958
580;-0.449797189288;0.56027369192
581;-0.449797189288;0.623403121996
582;-0.42612365301;0.56027369192
583;-0.449797189288;0.56027369192
584;-0.481361904326;0.56027369192
585;-0.449797189288;0.662859015793
586;-0.481361904326;0.56027369192
587;-0.481361904326;0.623403121996
588;-0.449797189288;0.56027369192
589;-0.449797189288;0.868029663539
590;-0.42612365301;0.56027369192
591;-0.449797189288;0.56027369192
592;-0.481361904326;0.591838406958
593;-0.481361904326;0.591838406958
594;-0.481361904326;0.56027369192
595;-0.481361904326;0.56027369192
596;-0.512926619364;0.662859015793
597;-0.449797189288;0.623403121996
598;-0.481361904326;0.56027369192
599;-0.42612365301;0.623403121996
600;-0.449797189288;0.662859015793
601;-0.449797189288;0.662859015793
602;-0.449797189288;0.591838406958
603;-0.394558937972;0.623403121996
604;-0.42612365301;0.591838406958
605;-0.42612365301;0.56027369192
606;-0.449797189288;0.56027369192
607;-0.449797189288;0.623403121996
608;-0.481361904326;0.623403121996
609;-0.481361904326;0.591838406958
610;-0.449797189288;0.520817798123
611;-0.449797189288;0.56027369192
612;-0.449797189288;0.520817798123
613;-0.481361904326;0.56027369192
614;-0.481361904326;0.56027369192
615;-0.481361904326;0.520817798123
616;-0.449797189288;0.520817798123
617;-0.449797189288;0.56027369192
618;-0.394558937972;0.520817798123
619;-0.449797189288;0.56027369192
620;-0.449797189288;0.520817798123
621;-0.449797189288;0.520817798123
622;-0.449797189288;0.56027369192
623;-0.42612365301;0.520817798123
624;-0.449797189288;0.520817798123
625;-0.449797189288;0.56027369192
626;-0.512926619364;0.489253083085
627;-0.481361904326;0.520817798123
628;-0.481361904326;0.56027369192
629;-0.449797189288;0.489253083085
630;-0.481361904326;0.489253083085
631;-0.512926619364;0.520817798123
632;-0.512926619364;0.489253083085
633;-0.512926619364;0.41823247425
634;-0.449797189288;0.56027369192
635;-0.449797189288;0.520817798123
636;-0.449797189288;0.520817798123
637;-0.449797189288;0.520817798123
638;-0.449797189288;0.520817798123
639;-0.42612365301;0.489253083085
640;-0.481361904326;0.520817798123
641;-0.42612365301;0.489253083085
642;-0.449797189288;0.520817798123
643;-0.481361904326;0.457688368048
644;-0.481361904326;0.520817798123
645;-0.481361904326;0.489253083085
646;-0.449797189288;0.520817798123
647;-0.42612365301;0.520817798123
648;-0.449797189288;0.520817798123
649;-0.481361904326;0.520817798123
650;-0.449797189288;0.489253083085
651;-0.481361904326;0.56027369192
652;-0.449797189288;0.56027369192
653;-0.449797189288;0.457688368048
654;-0.449797189288;0.520817798123
655;-0.449797189288;0.489253083085
656;-0.481361904326;0.520817798123
657;-0.512926619364;0.457688368048
658;-0.481361904326;0.489253083085
659;-0.512926619364;0.520817798123
660;-0.481361904326;0.56027369192
661;-0.536600155642;0.520817798123
662;-0.512926619364;0.41823247425
663;-0.512926619364;0.56027369192
664;-0.481361904326;0.56027369192
665;-0.512926619364;0.520817798123
666;-0.512926619364;0.489253083085
667;-0.56816487068;0.520817798123
668;-0.599729585718;0.457688368048
669;-0.56816487068;0.457688368048
670;-0.56816487068;0.489253083085
671;-0.536600155642;0.489253083085
672;-0.512926619364;0.489253083085
673;-0.536600155642;0.489253083085
674;-0.56816487068;0.41823247425
675;-0.536600155642;0.457688368048
676;-0.56816487068;0.457688368048
677;-0.56816487068;0.41823247425
678;-0.536600155642;0.457688368048
679;-0.56816487068;0.41823247425
680;-0.536600155642;0.355103044175
681;-0.536600155642;0.386667759213
682;-0.536600155642;0.41823247425
683;-0.56816487068;0.41823247425
684;-0.599729585718;0.355103044175
685;-0.599729585718;0.386667759213
686;-0.56816487068;0.386667759213
687;-0.536600155642;0.355103044175
688;-0.536600155642;0.323538329137
689;-0.599729585718;0.323538329137
690;-0.56816487068;0.355103044175
691;-0.536600155642;0.386667759213
692;-0.56816487068;0.28408243534
693;-0.536600155642;0.323538329137
694;-0.536600155642;0.323538329137
695;-0.536600155642;0.28408243534
696;-0.536600155642;0.323538329137
697;-0.599729585718;0.28408243534
698;-0.599729585718;0.323538329137
699;-0.56816487068;0.28408243534
700;-0.56816487068;0.28408243534
701;-0.599729585718;0.28408243534
702;-0.599729585718;0.28408243534
703;-0.599729585718;0.323538329137
704;-0.56816487068;0.323538329137
705;-0.56816487068;0.323538329137
706;-0.56816487068;0.28408243534
707;-0.536600155642;0.28408243534
708;-0.599729585718;0.323538329137
709;-0.536600155642;0.28408243534
710;-0.599729585718;0.28408243534
711;-0.536600155642;0.28408243534
712;-0.599729585718;0.252517720302
713;-0.56816487068;0.28408243534
714;-0.536600155642;0.28408243534
715;-0.536600155642;0.252517720302
716;-0.56816487068;0.28408243534
717;-0.56816487068;0.28408243534
718;-0.536600155642;0.28408243534
719;-0.56816487068;0.28408243534
720;-0.599729585718;0.220953005264
721;-0.536600155642;0.28408243534
722;-0.599729585718;0.252517720302
723;-0.536600155642;0.220953005264
724;-0.536600155642;0.220953005264
725;-0.536600155642;0.252517720302
726;-0.536600155642;0.220953005264
727;-0.536600155642;0.181497111467
728;-0.536600155642;0.181497111467
729;-0.536600155642;0.220953005264
730;-0.536600155642;0.181497111467
731;-0.536600155642;0.220953005264
732;-0.56816487068;0.149932396429
733;-0.536600155642;0.181497111467
734;-0.56816487068;0.220953005264
735;-0.56816487068;0.149932396429
736;-0.599729585718;0.181497111467
737;-0.599729585718;0.181497111467
738;-0.536600155642;0.118367681392
739;-0.599729585718;0.181497111467
740;-0.536600155642;0.181497111467
741;-0.599729585718;0.181497111467
742;-0.536600155642;0.149932396429
743;-0.56816487068;0.118367681392
744;-0.599729585718;0.181497111467
745;-0.56816487068;0.149932396429
746;-0.599729585718;0.118367681392
747;-0.599729585718;0.220953005264
748;-0.56816487068;0.118367681392
749;-0.56816487068;0.118367681392
750;-0.512926619364;0.149932396429
751;-0.536600155642;0.149932396429
752;-0.56816487068;0.220953005264
753;-0.512926619364;0.181497111467
754;-0.536600155642;0.181497111467
755;-0.536600155642;0.118367681392
756;-0.536600155642;0.0789117875944
757;-0.512926619364;0.0157823575189
758;-0.481361904326;0.149932396429
759;-0.481361904326;0.149932396429
760;-0.481361904326;0.220953005264
761;-0.512926619364;0.220953005264
762;-0.481361904326;0.181497111467
763;-0.481361904326;0.220953005264
764;-0.481361904326;0.220953005264
765;-0.512926619364;0.220953005264
766;-0.481361904326;0.252517720302
767;-0.536600155642;0.252517720302
768;-0.512926619364;0.252517720302
769;-0.481361904326;0.252517720302
770;-0.512926619364;0.220953005264
771;-0.536600155642;0.252517720302
772;-0.512926619364;0.252517720302
773;-0.512926619364;0.220953005264
774;-0.512926619364;0.181497111467
775;-0.512926619364;0.252517720302
776;-0.536600155642;0.252517720302
777;-0.536600155642;0.220953005264
778;-0.512926619364;0.220953005264
779;-0.512926619364;0.181497111467
780;-0.512926619364;0.220953005264
781;-0.536600155642;0.181497111467
782;-0.536600155642;0.220953005264
783;-0.536600155642;0.181497111467
784;-0.536600155642;0.252517720302
785;-0.536600155642;0.181497111467
786;-0.536600155642;0.220953005264
787;-0.512926619364;0.252517720302
788;-0.512926619364;0.252517720302
789;-0.512926619364;0.220953005264
790;-0.56816487068;0.252517720302
791;-0.536600155642;0.252517720302
792;-0.536600155642;0.252517720302
793;-0.56816487068;0.252517720302
794;-0.512926619364;0.28408243534
795;-0.536600155642;0.252517720302
796;-0.536600155642;0.252517720302
797;-0.536600155642;0.220953005264
798;-0.536600155642;0.252517720302
799;-0.536600155642;0.252517720302
800;-0.512926619364;0.220953005264
801;-0.512926619364;0.252517720302
802;-0.512926619364;0.252517720302
803;-0.512926619364;0.252517720302
804;-0.481361904326;0.252517720302
805;8.84601138933;0.181497111467
806;-0.220953005264;0.220953005264
807;-0.0236735362783;0.181497111467
808;-0.0789117875944;0.220953005264
809;0.0394558937972;0.181497111467
810;-0.883812021057;0.220953005264
811;-0.56816487068;0.181497111467
812;-0.512926619364;0.220953005264
813;-0.481361904326;0.181497111467
814;14.1962305882;0.220953005264
815;20.5170647745;0.220953005264
816;15.8849428428;0.220953005264
817;14.1962305882;0.181497111467
818;11.8683328542;0.220953005264
819;13.4150038911;0.181497111467
820;13.3597656397;0.181497111467
821;11.1186708721;0.181497111467
822;14.2199041245;0.252517720302
823;2.07538001373;0.252517720302
824;1.38884746166;0.220953005264
825;-1.11265620508;0.252517720302
826;-2.5488507393;0.28408243534
827;-2.80925963836;0.252517720302
828;-2.03592411994;0.220953005264
829;-2.35157127031;0.252517720302
830;-2.26476830396;0.252517720302
831;-2.14640062257;0.252517720302
832;-2.09116237125;0.220953005264
833;-2.11483590753;0.252517720302
834;-2.05959765621;0.323538329137
835;-2.09116237125;-0.28408243534
836;-2.05959765621;-0.149932396429
837;-2.0043594049;-0.252517720302
838;-2.03592411994;-0.28408243534
839;-1.94912115358;-0.28408243534
840;-1.74395050584;-0.252517720302
841;-1.79918875715;-0.149932396429
842;-1.79918875715;0.0157823575189
843;-1.77551522087;2.2568771252
844;-1.77551522087;2.80925963836
845;-1.77551522087;3.85878641337
846;-1.77551522087;3.89824230716
847;-1.77551522087;3.9298070222
848;-1.74395050584;3.82722169833
849;-1.79918875715;3.79565698329
850;-1.79918875715;3.72463637446
851;-1.77551522087;3.69307165942
852;-1.77551522087;3.69307165942
853;-1.74395050584;3.59048633555
854;-1.74395050584;3.59048633555
855;-1.74395050584;3.55103044175
856;-1.74395050584;3.55103044175
857;-1.74395050584;3.55103044175
858;-1.74395050584;3.59048633555
859;-1.74395050584;3.51946572671
860;-1.77551522087;3.65361576562
861;-1.77551522087;3.48790101167
862;-1.79918875715;3.48790101167
863;-1.74395050584;3.55103044175
864;-1.77551522087;3.48790101167
865;-1.74395050584;3.51946572671
866;-1.72027696956;3.48790101167
867;-1.72027696956;3.41688040284
868;-1.68871225452;3.45633629664
869;-1.72027696956;3.41688040284
870;-1.72027696956;3.41688040284
871;-1.72027696956;3.45633629664
872;-1.72027696956;3.41688040284
873;-1.72027696956;3.51946572671
874;-1.74395050584;3.35375097276
875;-1.68871225452;3.35375097276
876;-1.72027696956;3.41688040284
877;-1.74395050584;3.41688040284
878;-1.72027696956;3.59048633555
879;-1.72027696956;3.48790101167
880;-1.72027696956;3.48790101167
881;-1.74395050584;3.31429507897
883;-1.74395050584;3.28273036393
884;-1.74395050584;3.45633629664
885;-1.74395050584;3.48790101167
886;-1.74395050584;3.3853156878
887;-1.72027696956;3.25116564889
888;-1.72027696956;3.3853156878
889;-1.74395050584;3.3853156878
890;-1.72027696956;3.35375097276
891;-1.72027696956;3.35375097276
892;-1.72027696956;3.35375097276
893;-1.72027696956;3.31429507897
895;-1.68871225452;3.28273036393
896;-1.72027696956;3.31429507897
898;-1.74395050584;3.28273036393
899;-1.74395050584;3.28273036393
900;-1.72027696956;3.25116564889
901;-1.72027696956;3.25116564889
902;-1.74395050584;3.31429507897
904;-1.72027696956;3.31429507897
906;-1.74395050584;3.25116564889
907;-1.74395050584;3.21170975509
908;-1.72027696956;3.25116564889
909;-1.74395050584;3.28273036393
910;-1.74395050584;3.25116564889
911;-1.74395050584;3.28273036393
912;-1.72027696956;3.28273036393
913;-1.68871225452;3.25116564889
914;-1.68871225452;3.21170975509
915;-1.72027696956;3.18014504005
916;-1.68871225452;3.14858032502
917;-1.65714753948;3.18014504005
918;-1.72027696956;3.10912443122
919;-1.72027696956;3.21170975509
920;-1.68871225452;3.07755971618
921;-1.68871225452;3.10912443122
922;-1.72027696956;2.94340967727
923;-1.68871225452;3.14858032502
924;-1.65714753948;3.10912443122
925;-1.68871225452;3.00653910735
926;-1.60190928817;3.07755971618
927;-1.57034457313;3.07755971618
928;-1.57034457313;3.10912443122
929;-1.23102388647;3.07755971618
930;-0.828573769741;3.07755971618
931;4.14286884871;3.04599500114
932;2.65143606317;3.10912443122
933;28.439808249;2.97497439231
934;21.1483590753;3.07755971618
935;19.6253615747;3.07755971618
936;21.0615561089;3.07755971618
937;24.2495923278;3.00653910735
938;24.9361248798;3.00653910735
939;23.0422419776;3.00653910735
940;28.6449788968;3.04599500114
941;34.3266276036;2.97497439231
942;44.5535952758;2.97497439231
943;36.2520752209;3.00653910735
944;39.266505507;3.04599500114
945;50.2115704463;3.00653910735
946;50.9059941772;3.00653910735
947;53.7231449943;2.97497439231
948;57.9449256306;2.97497439231
949;54.1808333623;3.00653910735
950;28.9053877958;3.00653910735
951;0.84435612726;2.90395378347
952;1.04163559625;2.66721842069
953;26.6011635981;2.97497439231
954;14.4487483085;2.94340967727
955;9.76927930419;2.97497439231
956;9.33526447242;2.97497439231
957;12.2392182559;2.94340967727
958;12.988880238;2.94340967727
959;8.61716720531;2.97497439231
960;9.2800262211;3.14858032502
961;7.90696111696;2.80925963836
962;12.3260212222;2.90395378347
963;9.31159093614;2.87238906844
964;5.38178391394;2.94340967727
965;5.83947228199;2.90395378347
966;12.0103740719;2.87238906844
967;10.1954029572;2.90395378347
968;3.85878641337;2.80925963836
969;4.34803949645;2.90395378347
970;12.957315523;2.90395378347
971;8.99594378576;2.87238906844
972;9.19322325475;2.87238906844
973;1.49932396429;2.8408243534
974;17.1790961593;2.90395378347
975;18.2128405768;2.90395378347
976;2.96708321355;2.80925963836
977;1.38884746166;3.31429507897
979;0.694423730831;2.87238906844
980;17.7551522087;2.8408243534
981;18.3548817945;2.87238906844
982;1.35728274662;2.90395378347
983;0.757553160906;2.90395378347
984;6.47076658274;2.87238906844
985;31.0517884184;2.87238906844
986;3.4247715816;2.90395378347
987;-1.05741795377;2.90395378347
988;-0.536600155642;2.87238906844
989;-1.02585323873;2.8408243534
990;-1.11265620508;2.94340967727
991;-1.19945917144;2.90395378347
992;-1.39673864042;2.87238906844
993;-1.08109149004;2.80925963836
994;-1.14422092012;2.97497439231
995;-1.34150038911;2.60408899062
996;-1.31782685283;2.94340967727
997;-1.34150038911;2.87238906844
998;-1.28626213779;2.90395378347
999;-1.28626213779;2.90395378347
1000;-1.28626213779;2.90395378347
1001;-1.28626213779;2.90395378347
1002;-1.23102388647;2.90395378347
1003;-1.28626213779;2.87238906844
1004;-1.1678944564;2.87238906844
1005;-1.1678944564;2.87238906844
1006;-1.1678944564;2.87238906844
1007;-1.19945917144;2.87238906844
1008;-1.1678944564;2.87238906844
1009;-1.1678944564;2.87238906844
1010;-1.37306510414;2.90395378347
1011;-1.08109149004;2.87238906844
1012;-1.08109149004;2.8408243534
1013;-1.23102388647;2.90395378347
1014;-1.23102388647;2.90395378347
1015;-1.23102388647;2.87238906844
1016;-1.19945917144;2.90395378347
1017;-1.23102388647;2.90395378347
1018;-1.23102388647;2.87238906844
1019;-1.19945917144;2.87238906844
1020;-0.99428852369;2.87238906844
1021;-0.828573769741;2.76980374456
1022;-0.970614987411;2.94340967727
1023;-1.1678944564;2.90395378347
1024;-1.11265620508;2.8408243534
1025;-1.23102388647;2.8408243534
1026;-2.32000655528;2.87238906844
1027;3.7167451957;3.48790101167
1028;7.76491989929;2.87238906844
1029;17.0054902266;2.87238906844
1030;14.3935100572;2.87238906844
1031;19.222911458;2.87238906844
1032;24.0207481437;2.87238906844
1033;10.1164911696;2.90395378347
1034;2.82504199588;2.87238906844
1035;3.48000983291;2.87238906844
1036;13.7069775051;2.8408243534
1037;14.5355512749;2.87238906844
1038;2.42259187915;2.87238906844
1039;1.61769164569;2.87238906844
1040;22.6950301122;2.87238906844
1041;1.61769164569;2.8408243534
1042;4.05606588235;2.80925963836
1043;33.6953333028;2.87238906844
1044;19.4754291783;2.90395378347
1045;2.13061826505;2.90395378347
1046;1.35728274662;2.8408243534
1047;0.923267914855;2.8408243534
1048;0.639185479515;2.90395378347
1049;0.410341295491;2.90395378347
1050;0.441906010529;2.90395378347
1051;0.291973614099;2.8408243534
1052;0.118367681392;2.87238906844
1053;0.00789117875944;2.90395378347
1054;0.118367681392;2.87238906844
1055;0.0631294300755;2.8408243534
1056;-0.110476502632;2.94340967727
1057;-0.0473470725566;2.90395378347
1058;-0.0473470725566;2.87238906844
1059;18.7020936599;2.8408243534
1060;24.1627893614;2.87238906844
1061;19.0729790616;2.8408243534
1062;13.8726922591;2.87238906844
1063;0.98639734493;2.87238906844
1064;0.812791412222;2.8408243534
1065;0.465579546807;2.87238906844
1066;0.868029663539;2.87238906844
1067;0.552382513161;2.87238906844
1068;0.0631294300755;2.87238906844
1069;-0.0473470725566;2.90395378347
1070;-0.0473470725566;2.87238906844
1071;0.00789117875944;2.87238906844
1072;-0.0473470725566;2.87238906844
1073;-0.0789117875944;2.87238906844
1074;0.0946941451133;2.90395378347
1075;-0.0236735362783;2.8408243534
1076;-0.110476502632;2.87238906844
1077;-0.110476502632;2.8408243534
1078;-0.220953005264;2.87238906844
1079;0.0394558937972;2.90395378347
1080;-0.110476502632;2.87238906844
1081;-0.197279468986;2.87238906844
1082;-0.220953005264;2.8408243534
1083;-0.197279468986;2.90395378347
1084;-0.110476502632;2.87238906844
1085;-0.220953005264;2.87238906844
1086;-0.27619125658;2.8408243534
1087;-0.110476502632;2.90395378347
1088;-0.134150038911;2.87238906844
1089;-0.110476502632;2.87238906844
1090;-0.165714753948;2.8408243534
1091;-0.110476502632;2.87238906844
1092;-0.165714753948;2.87238906844
1093;-0.165714753948;2.80925963836
1094;-0.197279468986;2.8408243534
1095;-0.0473470725566;2.8408243534
1096;-0.134150038911;2.8408243534
1097;-0.165714753948;2.87238906844
1098;-0.134150038911;2.87238906844
1099;-0.165714753948;2.87238906844
1100;-0.165714753948;2.8408243534
1101;-0.252517720302;2.8408243534
1102;-0.197279468986;2.8408243534
1103;-0.220953005264;2.87238906844
1104;-0.220953005264;2.87238906844
1105;-0.220953005264;2.80925963836
1106;-0.252517720302;2.8408243534
1107;-0.220953005264;2.80925963836
1108;-0.252517720302;2.90395378347
1109;-0.252517720302;2.8408243534
1110;-0.220953005264;2.76980374456
1111;-0.252517720302;2.8408243534
1112;-0.197279468986;2.80925963836
1113;-0.220953005264;2.8408243534
1114;-0.197279468986;2.8408243534
1115;-0.197279468986;2.8408243534
1116;-0.252517720302;2.80925963836
1117;-0.220953005264;2.80925963836
1118;-0.252517720302;2.8408243534
1119;-0.27619125658;2.80925963836
1120;-0.252517720302;2.80925963836
1121;-0.27619125658;2.80925963836
1122;-0.307755971618;2.76980374456
1123;-0.307755971618;2.80925963836
1124;-0.252517720302;2.8408243534
1125;-0.27619125658;2.76980374456
1126;-0.27619125658;2.76980374456
1127;-0.27619125658;2.8408243534
1128;-0.339320686656;2.80925963836
1129;-0.307755971618;2.80925963836
1130;-0.27619125658;2.8408243534
1131;-0.307755971618;2.8408243534
1132;-0.339320686656;2.76980374456
1133;-0.307755971618;2.80925963836
1134;-0.27619125658;2.76980374456
1135;-0.27619125658;2.80925963836
1136;-0.27619125658;2.80925963836
1137;-0.307755971618;2.73823902953
1138;-0.307755971618;2.80925963836
1139;-0.307755971618;2.80925963836
1140;-0.307755971618;2.76980374456
1141;-0.339320686656;2.76980374456
1142;-0.339320686656;2.76980374456
1143;-0.362994222934;2.76980374456
1144;-0.339320686656;2.73823902953
1145;-0.339320686656;2.76980374456
1146;-0.307755971618;2.76980374456
1147;-0.27619125658;2.73823902953
1148;-0.252517720302;2.76980374456
1149;-0.362994222934;2.76980374456
1150;-0.27619125658;2.76980374456
1151;-0.27619125658;2.76980374456
1152;-0.307755971618;2.76980374456
1153;-0.307755971618;2.76980374456
1154;-0.339320686656;2.76980374456
1155;-0.252517720302;2.76980374456
1156;-0.110476502632;2.76980374456
1157;-0.252517720302;2.76980374456
1158;-0.220953005264;2.76980374456
1159;-0.252517720302;2.70667431449
1160;-0.197279468986;2.76980374456
1161;-0.220953005264;2.80925963836
1162;-0.220953005264;2.76980374456
1163;-0.27619125658;2.73823902953
1164;-0.307755971618;2.80925963836
1165;-0.307755971618;2.76980374456
1166;-0.252517720302;2.76980374456
1167;-0.220953005264;2.73823902953
1168;-0.252517720302;2.70667431449
1169;-0.220953005264;2.70667431449
1170;-0.220953005264;2.70667431449
1171;-0.220953005264;2.70667431449
1172;-0.197279468986;2.66721842069
1173;-0.252517720302;2.70667431449
1174;-0.27619125658;2.73823902953
1175;-0.307755971618;2.60408899062
1176;-0.27619125658;2.60408899062
1177;-0.339320686656;2.56463309682
1178;-0.339320686656;2.50150366674
1179;-0.339320686656;2.50150366674
1180;-0.339320686656;2.46204777295
1181;-0.339320686656;2.46204777295
1182;-0.362994222934;2.50150366674
1183;-0.307755971618;2.50150366674
1184;-0.394558937972;2.50150366674
1185;-0.339320686656;2.43048305791
1186;-0.362994222934;2.50150366674
1187;-0.339320686656;2.46204777295
1188;-0.362994222934;2.50150366674
1189;-0.339320686656;2.46204777295
1190;-0.394558937972;2.43048305791
1191;-0.362994222934;2.46204777295
1192;-0.394558937972;2.46204777295
1193;-0.394558937972;2.46204777295
1194;-0.339320686656;2.43048305791
1195;-0.362994222934;2.46204777295
1196;-0.42612365301;2.53306838178
1197;-0.394558937972;2.43048305791
1198;-0.362994222934;2.43048305791
1199;-0.362994222934;2.43048305791
1200;-0.362994222934;2.46204777295
1201;-0.307755971618;2.43048305791
1202;-0.339320686656;2.43048305791
1203;-0.339320686656;2.50150366674
1204;-0.339320686656;2.43048305791
1205;-0.339320686656;2.46204777295
1206;-0.339320686656;2.46204777295
1207;-0.362994222934;2.43048305791
1208;-0.362994222934;2.46204777295
1209;-0.394558937972;2.35946244907
1210;-0.362994222934;2.43048305791
1211;-0.362994222934;2.35946244907
1212;-0.362994222934;2.43048305791
1213;-0.362994222934;2.39891834287
1214;-0.394558937972;2.39891834287
1215;-0.394558937972;2.43048305791
1216;-0.394558937972;2.43048305791
1217;-0.449797189288;2.43048305791
1218;-0.394558937972;2.43048305791
1219;-0.449797189288;2.46204777295
1220;-0.449797189288;2.43048305791
1221;-0.42612365301;2.43048305791
1222;-0.362994222934;2.39891834287
1223;-0.339320686656;2.43048305791
1224;-0.339320686656;2.43048305791
1225;-0.339320686656;2.39891834287
1226;-0.307755971618;2.43048305791
1227;-0.307755971618;2.39891834287
1228;-0.307755971618;2.39891834287
1229;-0.307755971618;2.39891834287
1230;-0.339320686656;2.43048305791
1231;-0.339320686656;2.43048305791
1232;-0.362994222934;2.43048305791
1233;-0.339320686656;2.39891834287
1234;-0.339320686656;2.43048305791
1235;-0.307755971618;2.43048305791
1236;-0.307755971618;2.35946244907
1237;-0.339320686656;2.43048305791
1238;-0.307755971618;2.43048305791
1239;-0.307755971618;2.39891834287
1240;-0.307755971618;2.39891834287
1241;-0.339320686656;2.43048305791
1242;-0.339320686656;2.43048305791
1243;-0.394558937972;2.43048305791
1244;-0.362994222934;2.43048305791
1245;-0.394558937972;2.43048305791
1246;-0.362994222934;2.35946244907
1247;-0.339320686656;2.46204777295
1248;-0.362994222934;2.46204777295
1249;-0.307755971618;2.39891834287
1250;-0.339320686656;2.46204777295
1251;-0.362994222934;2.39891834287
1252;-0.362994222934;2.43048305791
1253;-0.394558937972;2.43048305791
1254;-0.362994222934;2.43048305791
1255;-0.394558937972;2.39891834287
1256;-0.362994222934;2.43048305791
1257;-0.394558937972;2.43048305791
1258;-0.362994222934;2.43048305791
1259;-0.394558937972;2.43048305791
1260;-0.394558937972;2.43048305791
1261;-0.339320686656;2.43048305791
1262;-0.339320686656;2.43048305791
1263;-0.362994222934;2.43048305791
1264;-0.394558937972;2.39891834287
1265;-0.362994222934;2.46204777295
1266;-0.394558937972;2.43048305791
1267;-0.362994222934;2.39891834287
1268;-0.42612365301;2.46204777295
1269;-0.394558937972;2.39891834287
1270;-0.362994222934;2.43048305791
1271;-0.362994222934;2.35946244907
1272;-0.362994222934;2.39891834287
1273;-0.362994222934;2.43048305791
1274;-0.42612365301;2.43048305791
1275;-0.362994222934;2.43048305791
1276;-0.394558937972;2.39891834287
1277;-0.362994222934;2.43048305791
1278;-0.362994222934;2.43048305791
1279;-0.362994222934;2.39891834287
1280;-0.362994222934;2.43048305791
1281;-0.362994222934;2.43048305791
1282;-0.362994222934;2.43048305791
1283;-0.394558937972;2.39891834287
1284;-0.362994222934;2.43048305791
1285;-0.339320686656;2.43048305791
1286;-0.362994222934;2.39891834287
1287;-0.362994222934;2.43048305791
1288;-0.339320686656;2.35946244907
1289;-0.339320686656;2.43048305791
1290;-0.339320686656;2.43048305791
1291;-0.362994222934;2.39891834287
1292;-0.339320686656;2.43048305791
1293;-0.362994222934;2.39891834287
1294;-0.362994222934;2.43048305791
1295;-0.362994222934;2.39891834287
1296;-0.394558937972;2.39891834287
1297;-0.362994222934;2.39891834287
1298;-0.394558937972;2.39891834287
1299;-0.362994222934;2.43048305791
1300;-0.362994222934;2.43048305791
1301;-0.394558937972;2.32789773404
1302;-0.339320686656;2.46204777295
1303;-0.362994222934;2.43048305791
1304;-0.362994222934;2.39891834287
1305;-0.339320686656;2.35946244907
1306;-0.339320686656;2.39891834287
1307;-0.339320686656;2.43048305791
1308;-0.339320686656;2.35946244907
1309;-0.339320686656;2.39891834287
1310;-0.307755971618;2.39891834287
1311;-0.362994222934;2.35946244907
1312;-0.339320686656;2.43048305791
1313;-0.339320686656;2.32789773404
1314;-0.339320686656;2.39891834287
1315;-0.339320686656;2.35946244907
1316;-0.362994222934;2.39891834287
1317;-0.362994222934;2.39891834287
1318;-0.394558937972;2.35946244907
1319;-0.362994222934;2.39891834287
1320;-0.394558937972;2.43048305791
1321;-0.362994222934;2.39891834287
1322;-0.339320686656;2.32789773404
1323;-0.339320686656;2.39891834287
1324;-0.339320686656;2.43048305791
1325;-0.339320686656;2.39891834287
1326;-0.362994222934;2.35946244907
1327;-0.339320686656;2.35946244907
1328;-0.339320686656;2.35946244907
1329;-0.339320686656;2.35946244907
1330;-0.339320686656;2.35946244907
1331;-0.307755971618;2.39891834287
1332;-0.307755971618;2.43048305791
1333;-0.339320686656;2.39891834287
1334;-0.339320686656;2.32789773404
1335;-0.339320686656;2.39891834287
1336;-0.339320686656;2.35946244907
1337;-0.362994222934;2.43048305791
1338;-0.339320686656;2.296333019
1339;-0.339320686656;2.39891834287
1340;-0.394558937972;2.39891834287
1341;-0.394558937972;2.35946244907
1342;-0.394558937972;2.35946244907
1343;-0.394558937972;2.35946244907
1344;-0.394558937972;2.35946244907
1345;-0.394558937972;2.39891834287
1346;-0.394558937972;2.35946244907
1347;-0.362994222934;2.39891834287
1348;-0.394558937972;2.43048305791
1349;-0.362994222934;2.32789773404
1350;-0.339320686656;2.39891834287
1351;-0.394558937972;2.39891834287
1352;-0.394558937972;2.39891834287
1353;-0.362994222934;2.296333019
1354;-0.394558937972;2.32789773404
1355;-0.42612365301;2.35946244907
1356;-0.394558937972;2.35946244907
1357;-0.394558937972;2.39891834287
1358;-0.362994222934;2.39891834287
1359;-0.42612365301;2.39891834287
1360;-0.394558937972;2.39891834287
1361;-0.42612365301;2.35946244907
1362;-0.394558937972;2.32789773404
1363;-0.394558937972;2.39891834287
1364;-0.362994222934;2.35946244907
1365;-0.394558937972;2.35946244907
1366;-0.394558937972;2.35946244907
1367;-0.394558937972;2.39891834287
1368;-0.362994222934;2.35946244907
1369;-0.362994222934;2.35946244907
1370;-0.362994222934;2.39891834287
1371;-0.362994222934;2.39891834287
1372;-0.362994222934;2.35946244907
1373;-0.362994222934;2.32789773404
1374;-0.362994222934;2.39891834287
1375;-0.339320686656;2.32789773404
1376;-0.362994222934;2.39891834287
1377;-0.362994222934;2.35946244907
1378;-0.339320686656;2.35946244907
1379;-0.339320686656;2.32789773404
1380;-0.362994222934;2.35946244907
1381;-0.339320686656;2.35946244907
1382;-0.339320686656;2.35946244907
1383;-0.339320686656;2.32789773404
1384;-0.339320686656;2.35946244907
1385;-0.362994222934;2.39891834287
1386;-0.339320686656;2.35946244907
1387;-0.339320686656;2.39891834287
1388;-0.362994222934;2.32789773404
1389;-0.362994222934;2.35946244907
1390;-0.362994222934;2.39891834287
1391;-0.362994222934;2.35946244907
1392;-0.362994222934;2.39891834287
1393;-0.362994222934;2.32789773404
1394;-0.362994222934;2.35946244907
1395;-0.42612365301;2.35946244907
1396;-0.362994222934;2.35946244907
1397;-0.42612365301;2.35946244907
1398;-0.362994222934;2.35946244907
1399;-0.394558937972;2.296333019
1400;-0.362994222934;2.32789773404
1401;-0.394558937972;2.35946244907
1402;-0.394558937972;2.35946244907
1403;-0.362994222934;2.35946244907
1404;-0.394558937972;2.39891834287
1405;-0.362994222934;2.35946244907
1406;-0.394558937972;2.35946244907
1407;-0.362994222934;2.32789773404
1408;-0.394558937972;2.32789773404
1409;-0.394558937972;2.35946244907
1410;-0.394558937972;2.35946244907
1411;-0.449797189288;2.35946244907
1412;-0.362994222934;2.35946244907
1413;-0.449797189288;2.35946244907
1414;-0.42612365301;2.32789773404
1415;-0.42612365301;2.32789773404
1416;-0.394558937972;2.35946244907
1417;-0.394558937972;2.32789773404
1418;-0.394558937972;2.296333019
1419;-0.394558937972;2.296333019
1420;-0.362994222934;2.35946244907
1421;-0.394558937972;2.35946244907
1422;-0.394558937972;2.32789773404
1423;-0.339320686656;2.35946244907
1424;-0.362994222934;2.32789773404
1425;-0.339320686656;2.35946244907
1426;-0.42612365301;2.35946244907
1427;-0.394558937972;2.35946244907
1428;-0.362994222934;2.39891834287
1429;-0.339320686656;2.35946244907
1430;-0.394558937972;2.32789773404
1431;-0.394558937972;2.39891834287
1432;-0.394558937972;2.35946244907
1433;-0.42612365301;2.39891834287
1434;-0.394558937972;2.35946244907
1435;-0.42612365301;2.35946244907
1436;-0.42612365301;2.39891834287
1437;-0.42612365301;2.35946244907
1438;-0.362994222934;2.32789773404
1439;-0.362994222934;2.35946244907
1440;-0.362994222934;2.39891834287
1441;-0.362994222934;2.32789773404
1442;-0.394558937972;2.32789773404
1443;-0.42612365301;2.35946244907
1444;-0.394558937972;2.35946244907
1445;-0.42612365301;2.32789773404
1446;-0.42612365301;2.35946244907
1447;-0.449797189288;2.35946244907
1448;-0.42612365301;2.35946244907
1449;-0.42612365301;2.35946244907
1450;-0.394558937972;2.32789773404
1451;-0.42612365301;2.296333019
1452;-0.394558937972;2.35946244907
1453;-0.394558937972;2.35946244907
1454;-0.42612365301;2.32789773404
1455;-0.394558937972;2.35946244907
1456;-0.394558937972;2.35946244907
1457;-0.394558937972;2.35946244907
1458;-0.42612365301;2.35946244907
1459;-0.42612365301;2.35946244907
1460;-0.42612365301;2.32789773404
1461;-0.362994222934;2.296333019
1462;-0.362994222934;2.35946244907
1463;-0.362994222934;2.32789773404
1464;-0.42612365301;2.296333019
1465;-0.394558937972;2.296333019
1466;-0.394558937972;2.39891834287
1467;-0.394558937972;2.296333019
1468;-0.42612365301;2.32789773404
1469;-0.42612365301;2.32789773404
1470;-0.362994222934;2.35946244907
1471;-0.42612365301;2.35946244907
1472;-0.42612365301;2.32789773404
1473;-0.449797189288;2.35946244907
1474;-0.449797189288;2.35946244907
1475;-0.42612365301;2.32789773404
1476;-0.394558937972;2.32789773404
1477;-0.394558937972;2.35946244907
1478;-0.394558937972;2.296333019
1479;-0.42612365301;2.35946244907
1480;-0.42612365301;2.32789773404
1481;-0.42612365301;2.35946244907
1482;-0.394558937972;2.35946244907
1483;-0.394558937972;2.32789773404
1484;-0.449797189288;2.32789773404
1485;-0.394558937972;2.32789773404
1486;-0.42612365301;2.35946244907
1487;-0.362994222934;2.35946244907
1488;-0.394558937972;2.32789773404
1489;-0.42612365301;2.35946244907
1490;-0.394558937972;2.32789773404
1491;-0.362994222934;2.32789773404
1492;-0.252517720302;2.35946244907
1493;-0.654967837034;2.35946244907
1494;-0.678641373312;2.32789773404
1495;-0.678641373312;2.296333019
1496;-0.339320686656;2.32789773404
1497;26.6011635981;2.32789773404
1498;34.2398246372;2.35946244907
1499;27.4928667979;2.35946244907
1500;14.827524889;2.32789773404
1501;13.6754127901;2.32789773404
1502;17.4079403433;2.35946244907
1503;24.3916335454;2.32789773404
1504;22.4109476768;2.32789773404
1505;0.552382513161;-12.9178596292
1506;0.552382513161;2.2568771252
1507;0.583947228199;2.32789773404
1508;2.10694472877;2.296333019
1509;1.49932396429;2.35946244907
1510;1.53088867933;2.32789773404
1511;1.32571803159;2.32789773404
1512;1.09687384756;2.35946244907
1513;1.04163559625;2.296333019
1514;1.07320031128;2.32789773404
1515;1.07320031128;2.296333019
1516;1.09687384756;2.2568771252
1517;1.09687384756;2.35946244907
1518;1.07320031128;2.35946244907
1519;1.07320031128;2.32789773404
1520;1.09687384756;2.32789773404
1521;1.07320031128;2.32789773404
1522;1.07320031128;2.39891834287
1523;1.09687384756;2.32789773404
1524;1.07320031128;2.296333019
1525;1.09687384756;2.32789773404
1526;1.09687384756;2.32789773404
1527;1.09687384756;2.296333019
1528;1.09687384756;2.32789773404
1529;1.09687384756;2.296333019
1530;1.09687384756;2.32789773404
1531;1.09687384756;2.296333019
1532;1.07320031128;2.296333019
1533;1.04163559625;2.32789773404
1534;1.07320031128;2.35946244907
1535;1.07320031128;2.296333019
1536;1.09687384756;2.32789773404
1537;1.09687384756;2.32789773404
1538;1.07320031128;2.32789773404
1539;1.07320031128;2.32789773404
1540;1.07320031128;2.296333019
1541;1.07320031128;2.32789773404
1542;1.07320031128;2.296333019
1543;1.09687384756;2.32789773404
1544;1.07320031128;2.296333019
1545;1.07320031128;2.296333019
1546;1.04163559625;2.32789773404
1547;1.04163559625;2.296333019
1548;1.07320031128;2.296333019
1549;1.07320031128;2.32789773404
1550;1.07320031128;2.32789773404
1551;1.07320031128;2.296333019
1552;1.07320031128;2.32789773404
1553;1.04163559625;2.32789773404
1554;1.09687384756;2.32789773404
1555;1.07320031128;2.32789773404
1556;1.09687384756;2.296333019
1557;5.642192813;2.296333019
1558;7.50451100023;2.32789773404
1559;10.0849264546;2.35946244907
1560;10.5110501076;2.32789773404
1561;7.88328758068;2.32789773404
1562;9.76927930419;2.32789773404
1563;9.1064202884;2.32789773404
1564;10.8345884367;2.296333019
1565;8.67240545663;2.296333019
1566;1.58612693065;2.46204777295
1567;0.812791412222;2.296333019
1568;0.607620764477;2.32789773404
1569;0.355103044175;2.35946244907
1570;0.323538329137;2.32789773404
1571;0.205170647745;2.32789773404
1572;0.0946941451133;2.35946244907
1573;0.149932396429;2.32789773404
1574;0.0631294300755;2.32789773404
1575;0.0631294300755;2.296333019
1576;0.00789117875944;2.296333019
1577;0.00789117875944;2.296333019
1578;-0.0473470725566;2.296333019
1579;-0.0236735362783;2.32789773404
1580;-0.0473470725566;2.32789773404
1581;-0.0789117875944;2.2568771252
1582;-0.0473470725566;2.32789773404
1583;-0.110476502632;2.32789773404
1584;-0.134150038911;2.32789773404
1585;-0.134150038911;2.32789773404
1586;-0.197279468986;2.2568771252
1587;-0.197279468986;2.32789773404
1588;-0.197279468986;2.296333019
1589;-0.197279468986;2.296333019
1590;-0.27619125658;2.32789773404
1591;-0.252517720302;2.32789773404
1592;-0.252517720302;2.296333019
1593;-0.252517720302;2.2568771252
1594;-0.307755971618;2.296333019
1595;-0.165714753948;2.296333019
1596;-0.27619125658;2.32789773404
1597;-0.27619125658;2.32789773404
1598;-0.307755971618;2.32789773404
1599;-0.165714753948;2.32789773404
1600;-0.27619125658;2.296333019
1601;-0.339320686656;2.32789773404
1602;-0.307755971618;2.296333019
1603;-0.362994222934;2.296333019
1604;-0.339320686656;2.296333019
1605;-0.394558937972;2.2568771252
1606;-0.394558937972;2.296333019
1607;-0.362994222934;2.296333019
1608;-0.362994222934;2.296333019
1609;-0.362994222934;2.32789773404
1610;-0.339320686656;2.35946244907
1611;-0.362994222934;2.32789773404
1612;-0.362994222934;2.296333019
1613;-0.394558937972;2.296333019
1614;-0.394558937972;2.2568771252
1615;-0.42612365301;2.32789773404
1616;-0.362994222934;2.32789773404
1617;-0.394558937972;2.32789773404
1618;-0.42612365301;2.296333019
1619;-0.394558937972;2.32789773404
1620;-0.42612365301;2.32789773404
1621;-0.42612365301;2.296333019
1622;-0.449797189288;2.32789773404
1623;-0.449797189288;2.32789773404
1624;-0.449797189288;2.296333019
1625;-0.449797189288;2.296333019
1626;-0.42612365301;2.296333019
1627;-0.42612365301;2.2568771252
1628;-0.42612365301;2.296333019
1629;-0.42612365301;2.296333019
1630;-0.42612365301;2.296333019
1631;-0.42612365301;2.2568771252
1632;-0.362994222934;2.32789773404
1633;-0.394558937972;2.296333019
1634;-0.449797189288;2.32789773404
1635;-0.42612365301;2.296333019
1636;-0.394558937972;2.2568771252
1637;-0.481361904326;2.22531241016
1638;-0.449797189288;2.296333019
1639;-0.42612365301;2.32789773404
1640;-0.56816487068;2.2568771252
1641;-0.56816487068;2.2568771252
1642;-0.512926619364;2.296333019
1643;-0.56816487068;2.296333019
1644;-0.599729585718;2.296333019
1645;-0.512926619364;2.2568771252
1646;-0.536600155642;2.2568771252
1647;-0.56816487068;2.296333019
1648;-0.56816487068;2.2568771252
1649;-0.56816487068;2.2568771252
1650;-0.56816487068;2.296333019
1651;-0.56816487068;2.2568771252
1652;-0.536600155642;2.296333019
1653;-0.56816487068;2.22531241016
1654;-0.599729585718;2.296333019
1655;-0.56816487068;2.296333019
1656;-0.56816487068;2.2568771252
1657;-0.599729585718;2.296333019
1658;-0.599729585718;2.2568771252
1659;-0.56816487068;2.296333019
1660;-0.623403121996;2.2568771252
1661;-0.599729585718;2.296333019
1662;-0.599729585718;2.296333019
1663;-0.599729585718;2.2568771252
1664;-0.56816487068;2.2568771252
1665;-0.654967837034;2.32789773404
1666;-0.599729585718;2.2568771252
1667;-0.623403121996;2.2568771252
1668;-0.599729585718;2.2568771252
1669;-0.599729585718;2.296333019
1670;-0.599729585718;2.2568771252
1671;-0.623403121996;2.2568771252
1672;-0.623403121996;2.296333019
1673;-0.623403121996;2.296333019
1674;-0.654967837034;2.2568771252
1675;-0.654967837034;2.2568771252
1676;-0.623403121996;2.296333019
1677;-0.599729585718;2.2568771252
1678;-0.654967837034;2.22531241016
1679;-0.654967837034;2.296333019
1680;-0.623403121996;2.296333019
1681;-0.654967837034;2.2568771252
1682;-0.623403121996;2.2568771252
1683;-0.654967837034;2.2568771252
1684;-0.654967837034;2.2568771252
1685;-0.654967837034;2.2568771252
1686;-0.678641373312;2.2568771252
1687;-0.678641373312;2.22531241016
1688;-0.654967837034;2.22531241016
1689;-0.654967837034;2.296333019
1690;-0.654967837034;2.296333019
1691;-0.654967837034;2.296333019
1692;-0.623403121996;2.22531241016
1693;-0.623403121996;2.2568771252
1694;-0.599729585718;2.2568771252
1695;-0.654967837034;2.22531241016
1696;-0.654967837034;2.2568771252
1697;-0.623403121996;2.2568771252
1698;-0.654967837034;2.296333019
1699;-0.599729585718;2.2568771252
1700;-0.623403121996;2.2568771252
1701;-0.678641373312;2.296333019
1702;-0.654967837034;2.22531241016
1703;-0.654967837034;2.2568771252
1704;-0.623403121996;2.296333019
1705;-0.599729585718;2.2568771252
1706;-0.623403121996;2.22531241016
1707;-0.623403121996;2.2568771252
1708;-0.654967837034;2.2568771252
1709;-0.623403121996;2.2568771252
1710;-0.654967837034;2.22531241016
1711;-0.623403121996;2.19374769512
1712;-0.654967837034;2.2568771252
1713;-0.654967837034;2.22531241016
1714;-0.678641373312;2.2568771252
1715;-0.623403121996;2.2568771252
1716;-0.623403121996;2.2568771252
1717;-0.623403121996;2.2568771252
1718;-0.623403121996;2.22531241016
1719;-0.623403121996;2.296333019
1720;-0.678641373312;2.296333019
1721;-0.599729585718;2.22531241016
1722;-0.654967837034;2.22531241016
1723;-0.654967837034;2.2568771252
1724;-0.623403121996;2.2568771252
1725;-0.623403121996;2.22531241016
1726;-0.623403121996;2.296333019
1727;-0.599729585718;2.2568771252
1728;-0.678641373312;2.296333019
1729;-0.654967837034;2.22531241016
1730;-0.623403121996;2.296333019
1731;-0.654967837034;2.2568771252
1732;-0.623403121996;2.296333019
1733;-0.599729585718;2.22531241016
1734;-0.599729585718;2.296333019
1735;-0.599729585718;2.2568771252
1736;-0.623403121996;2.2568771252
1737;-0.623403121996;2.22531241016
1738;-0.623403121996;2.2568771252
1739;-0.654967837034;2.2568771252
1740;-0.678641373312;2.296333019
1741;-0.939050272374;2.2568771252
1742;7.76491989929;2.19374769512
1743;0.0631294300755;2.296333019
1744;-0.481361904326;2.296333019
1745;-0.449797189288;2.296333019
1746;0.84435612726;2.2568771252
1747;3.91402466468;2.2568771252
1748;15.4272544747;2.296333019
1749;20.8563854612;2.296333019
1750;20.3118941268;2.296333019
1751;15.024804358;2.2568771252
1752;20.8563854612;2.296333019
1753;18.8204613413;2.296333019
1754;10.9766296544;2.39891834287
1755;1.44408571298;2.2568771252
1756;23.5551685969;2.296333019
1757;4.57688368048;2.296333019
1758;1.21524152895;2.2568771252
1759;0.583947228199;2.296333019
1760;0.552382513161;2.09116237125
1761;0.205170647745;2.2568771252
1762;0.118367681392;2.296333019
1763;0.0631294300755;2.296333019
1764;0.0631294300755;2.296333019
1765;0.00789117875944;2.296333019
1766;0.00789117875944;2.296333019
1767;-0.0473470725566;2.296333019
1768;-0.0473470725566;2.296333019
1769;-0.0789117875944;2.296333019
1770;-0.0789117875944;2.2568771252
1771;-0.110476502632;2.2568771252
1772;-0.134150038911;2.296333019
1773;-0.110476502632;2.296333019
1774;-0.165714753948;2.22531241016
1775;-0.165714753948;2.2568771252
1776;-0.165714753948;2.2568771252
1777;-0.134150038911;2.2568771252
1778;-0.197279468986;2.2568771252
1779;-0.165714753948;2.296333019
1780;-0.134150038911;2.22531241016
1781;-0.165714753948;2.32789773404
1782;-0.220953005264;2.296333019
1783;-0.134150038911;2.296333019
1784;-0.165714753948;2.296333019
1785;-0.220953005264;2.296333019
1786;-0.252517720302;2.296333019
1787;-0.220953005264;2.296333019
1788;-0.27619125658;2.296333019
1789;-0.252517720302;2.296333019
1790;-0.27619125658;2.296333019
1791;-0.220953005264;2.296333019
1792;-0.0473470725566;2.2568771252
1793;0.00789117875944;2.2568771252
1794;-1.42830335546;2.2568771252
1795;-1.51510632181;2.32789773404
1796;-1.54667103685;2.296333019
1797;-1.6334740032;2.296333019
1798;-0.599729585718;2.32789773404
1799;-0.362994222934;2.32789773404
1800;-0.0789117875944;2.296333019
1801;-0.134150038911;2.296333019
1802;-0.165714753948;2.2568771252
1803;-0.165714753948;2.296333019
1804;-0.0789117875944;2.32789773404
1805;-0.165714753948;2.32789773404
1806;-0.165714753948;2.2568771252
1807;-0.0789117875944;2.296333019
1808;-0.165714753948;2.296333019
1809;-0.165714753948;2.296333019
1810;-0.134150038911;2.2568771252
1811;-0.165714753948;2.296333019
1812;-0.252517720302;2.296333019
1813;-0.252517720302;2.296333019
1814;-0.110476502632;2.296333019
1815;-0.134150038911;2.2568771252
1816;-0.197279468986;2.2568771252
1817;-0.134150038911;2.22531241016
1818;-0.165714753948;2.296333019
1819;-0.220953005264;2.296333019
1820;-0.165714753948;2.296333019
1821;-0.197279468986;2.296333019
1822;-0.599729585718;2.35946244907
1823;0.0946941451133;2.32789773404
1824;-0.42612365301;2.296333019
1825;-0.394558937972;2.05959765621
1826;-0.536600155642;2.32789773404
1827;-0.56816487068;2.296333019
1828;-0.536600155642;2.32789773404
1829;-0.56816487068;2.32789773404
1830;-0.599729585718;2.35946244907
1831;-0.599729585718;2.32789773404
1832;-0.599729585718;2.296333019
1833;-0.56816487068;2.296333019
1834;-0.599729585718;2.32789773404
1835;-0.56816487068;2.2568771252
1836;-0.56816487068;2.296333019
1837;-0.71020608835;2.32789773404
1838;-0.512926619364;2.296333019
1839;-0.654967837034;2.296333019
1840;-0.536600155642;2.2568771252
1841;-0.599729585718;2.32789773404
1842;-0.599729585718;2.35946244907
1843;-0.599729585718;2.296333019
1844;-0.599729585718;2.296333019
1845;-0.599729585718;2.296333019
1846;-0.915376736095;2.32789773404
1847;-0.536600155642;2.296333019
1848;-0.512926619364;2.296333019
1849;-0.623403121996;2.32789773404
1850;-0.71020608835;2.32789773404
1851;-0.915376736095;2.296333019
1852;-0.741770803388;2.32789773404
1853;-0.678641373312;2.296333019
1854;-1.60190928817;2.32789773404
1855;2.35946244907;2.2568771252
1856;7.07838734722;2.32789773404
1857;4.37171303273;2.296333019
1858;7.07838734722;2.296333019
1859;2.70667431449;2.32789773404
1860;1.98857704738;2.2568771252
1861;2.19374769512;2.296333019
1862;1.87810054475;2.296333019
1863;1.49932396429;2.2568771252
1864;1.47565042802;2.22531241016
1865;7.01525791714;2.296333019
1866;15.7429016251;2.22531241016
1867;15.5140574411;2.2568771252
1868;11.8367681392;2.2568771252
1869;9.6509116228;2.32789773404
1870;11.0318679057;2.2568771252
1871;7.85172286564;2.2568771252
1872;9.33526447242;2.2568771252
1873;12.3260212222;2.22531241016
1874;14.3619453422;2.2568771252
1875;16.6898430762;2.2568771252
1876;10.2822059236;2.2568771252
1877;7.76491989929;2.22531241016
1878;7.30723153124;2.2568771252
1879;16.1769164569;2.2568771252
1880;14.1646658732;2.22531241016
1881;19.3649526757;2.2568771252
1882;22.2925799954;2.22531241016
1883;18.6784201236;2.22531241016
1884;12.4128241886;2.2568771252
1885;8.64873192035;2.22531241016
1886;7.48083746395;2.22531241016
1887;5.95783996338;2.2568771252
1888;25.3149014603;2.19374769512
1889;22.6397918608;2.2568771252
1890;22.1821034928;2.22531241016
1891;20.4539353445;2.22531241016
1892;19.451755642;2.296333019
1893;14.8511984253;2.19374769512
1894;30.5309706203;2.19374769512
1895;1.93333879606;2.22531241016
1896;0.98639734493;2.2568771252
1897;0.694423730831;2.16218298009
1898;0.583947228199;2.19374769512
1899;0.0631294300755;2.19374769512
1900;-0.0236735362783;2.2568771252
1901;0.0631294300755;2.2568771252
1902;0.0394558937972;2.22531241016
1903;0.0946941451133;2.16218298009
1904;0.0631294300755;2.22531241016
1905;0.118367681392;2.19374769512
1906;0.0631294300755;2.19374769512
1907;0.118367681392;2.19374769512
1908;0.118367681392;2.19374769512
1909;0.0946941451133;2.12272708629
1910;0.149932396429;2.22531241016
1911;0.149932396429;2.19374769512
1912;0.0946941451133;2.16218298009
1913;0.118367681392;2.16218298009
1914;0.118367681392;2.16218298009
1915;0.149932396429;2.19374769512
1916;0.149932396429;2.19374769512
1917;0.181497111467;2.16218298009
1918;0.149932396429;2.22531241016
1919;0.149932396429;2.22531241016
1920;0.149932396429;2.16218298009
1921;0.181497111467;2.16218298009
1922;0.181497111467;2.19374769512
1923;0.181497111467;2.22531241016
1924;0.205170647745;2.16218298009
1925;0.205170647745;2.19374769512
1926;0.181497111467;2.19374769512
1927;0.181497111467;2.16218298009
1928;0.205170647745;2.19374769512
1929;0.205170647745;2.16218298009
1930;0.205170647745;2.22531241016
1931;0.181497111467;2.19374769512
1932;0.149932396429;2.12272708629
1933;0.205170647745;2.12272708629
1934;0.181497111467;2.19374769512
1935;0.149932396429;2.19374769512
1936;0.205170647745;2.19374769512
1937;0.205170647745;2.19374769512
1938;0.205170647745;2.12272708629
1939;0.181497111467;2.16218298009
1940;0.205170647745;2.16218298009
1941;0.205170647745;2.19374769512
1942;0.181497111467;2.16218298009
1943;0.205170647745;2.19374769512
1944;0.205170647745;2.09116237125
1945;0.236735362783;2.12272708629
1946;0.205170647745;2.16218298009
1947;0.205170647745;2.12272708629
1948;0.205170647745;2.12272708629
1949;0.205170647745;2.16218298009
1950;0.181497111467;2.19374769512
1951;0.181497111467;2.12272708629
1952;0.205170647745;2.05959765621
1953;0.149932396429;2.12272708629
1954;0.149932396429;2.19374769512
1955;0.181497111467;2.09116237125
1956;0.205170647745;2.09116237125
1957;0.205170647745;2.12272708629
1958;0.205170647745;2.12272708629
1959;0.205170647745;2.12272708629
1960;0.181497111467;1.85442700847
1961;0.181497111467;1.91755643854
1962;0.181497111467;1.88599172351
1963;0.181497111467;1.88599172351
1964;0.181497111467;1.88599172351
1965;0.205170647745;1.91755643854
1966;0.149932396429;1.91755643854
1967;0.181497111467;1.88599172351
1968;0.149932396429;1.88599172351
1969;0.149932396429;1.88599172351
1970;0.149932396429;1.91755643854
1971;0.181497111467;1.91755643854
1972;0.205170647745;1.85442700847
1973;0.149932396429;1.88599172351
1974;0.149932396429;1.91755643854
1975;0.205170647745;1.91755643854
1976;0.181497111467;1.81497111467
1977;0.181497111467;1.88599172351
1978;0.149932396429;1.88599172351
1979;0.181497111467;1.81497111467
1980;0.149932396429;1.85442700847
1981;0.149932396429;1.88599172351
1982;0.149932396429;1.85442700847
1983;0.149932396429;1.91755643854
1984;0.149932396429;1.88599172351
1985;0.181497111467;1.85442700847
1986;0.149932396429;1.91755643854
1987;0.149932396429;1.88599172351
1988;0.181497111467;1.85442700847
1989;0.149932396429;1.88599172351
1990;0.149932396429;1.88599172351
1991;0.149932396429;1.88599172351
1992;0.149932396429;1.88599172351
1993;0.118367681392;1.85442700847
1994;0.181497111467;1.88599172351
1995;0.149932396429;1.88599172351
1996;0.149932396429;1.85442700847
1997;0.149932396429;1.88599172351
1998;0.181497111467;1.88599172351
1999;0.149932396429;1.88599172351
2000;0.149932396429;1.85442700847
2001;0.149932396429;1.88599172351
2002;0.118367681392;1.88599172351
2003;0.118367681392;1.85442700847
2004;0.149932396429;1.88599172351
2005;0.0946941451133;1.81497111467
2006;0.118367681392;1.88599172351
2007;0.149932396429;1.85442700847
2008;0.181497111467;1.81497111467
2009;0.149932396429;1.88599172351
2010;0.118367681392;1.88599172351
2011;0.0946941451133;1.85442700847
2012;0.149932396429;1.81497111467
2013;0.118367681392;1.85442700847
2014;0.118367681392;1.85442700847
2015;0.118367681392;1.81497111467
2016;0.118367681392;1.85442700847
2017;0.118367681392;1.91755643854
2018;0.118367681392;1.88599172351
2019;0.118367681392;1.85442700847
2020;0.118367681392;1.85442700847
2021;0.0946941451133;1.88599172351
2022;0.0946941451133;1.88599172351
2023;0.0946941451133;1.85442700847
2024;0.149932396429;1.88599172351
2025;0.118367681392;1.85442700847
2026;0.149932396429;1.85442700847
2027;0.0631294300755;1.85442700847
2028;0.118367681392;1.85442700847
2029;0.0946941451133;1.81497111467
2030;0.118367681392;1.78340639963
2031;0.0946941451133;1.85442700847
2032;0.118367681392;1.85442700847
2033;0.118367681392;1.81497111467
2034;0.118367681392;1.85442700847
2035;0.149932396429;1.91755643854
2036;0.0946941451133;1.81497111467
2037;0.118367681392;1.81497111467
2038;0.0946941451133;1.85442700847
2039;0.118367681392;1.85442700847
2040;0.118367681392;1.85442700847
2041;0.118367681392;1.88599172351
2042;0.118367681392;1.85442700847
2043;0.118367681392;1.81497111467
2044;0.118367681392;1.85442700847
2045;0.118367681392;1.78340639963
2046;0.118367681392;1.85442700847
2047;0.118367681392;1.81497111467
2048;0.0946941451133;1.85442700847
2049;0.0946941451133;1.85442700847
2050;0.149932396429;1.85442700847
2051;0.0946941451133;1.81497111467
2052;0.118367681392;1.81497111467
2053;0.118367681392;1.78340639963
2054;0.0946941451133;1.85442700847
2055;0.118367681392;1.81497111467
2056;0.0946941451133;1.81497111467
2057;0.0946941451133;1.81497111467
2058;0.0631294300755;1.88599172351
2059;0.0946941451133;1.81497111467
2060;0.0631294300755;1.81497111467
2061;0.0946941451133;1.85442700847
2062;0.0946941451133;1.85442700847
2063;0.0631294300755;1.81497111467
2064;0.118367681392;1.81497111467
2065;0.0631294300755;1.85442700847
2066;0.0631294300755;1.85442700847
2067;0.0631294300755;1.85442700847
2068;0.0631294300755;1.85442700847
2069;0.0631294300755;1.85442700847
2070;0.118367681392;1.85442700847
2071;0.0946941451133;1.85442700847
2072;0.0946941451133;1.85442700847
2073;0.0946941451133;1.81497111467
2074;0.0946941451133;1.81497111467
2075;0.0946941451133;1.81497111467
2076;0.0946941451133;1.85442700847
2077;0.0946941451133;1.78340639963
2078;0.0631294300755;1.81497111467
2079;0.0946941451133;1.81497111467
2080;0.0946941451133;1.78340639963
2081;0.118367681392;1.81497111467
2082;0.0631294300755;1.81497111467
2083;0.118367681392;1.81497111467
2084;0.0946941451133;1.85442700847
2085;0.0946941451133;1.78340639963
2086;0.118367681392;1.81497111467
2087;0.0946941451133;1.85442700847
2088;0.118367681392;1.88599172351
2089;0.0946941451133;1.85442700847
2090;0.0946941451133;1.81497111467
2091;0.0946941451133;1.81497111467
2092;0.0631294300755;1.85442700847
2093;0.118367681392;1.81497111467
2094;0.0631294300755;1.85442700847
2095;0.118367681392;1.88599172351
2096;0.118367681392;1.81497111467
2097;0.0946941451133;1.78340639963
2098;0.0946941451133;1.81497111467
2099;0.0946941451133;1.85442700847
2100;0.0946941451133;1.88599172351
2101;0.0946941451133;1.81497111467
2102;0.0946941451133;1.88599172351
2103;0.0946941451133;1.81497111467
2104;0.118367681392;1.85442700847
2105;0.118367681392;1.85442700847
2106;0.118367681392;1.88599172351
2107;0.0631294300755;1.88599172351
2108;0.0631294300755;1.85442700847
2109;0.0946941451133;1.78340639963
2110;0.0946941451133;1.81497111467
2111;0.118367681392;1.85442700847
2112;0.0946941451133;1.85442700847
2113;0.0946941451133;1.81497111467
2114;0.0631294300755;1.81497111467
2115;0.0946941451133;1.81497111467
2116;0.0946941451133;1.81497111467
2117;0.0631294300755;1.85442700847
2118;0.0946941451133;1.85442700847
2119;0.118367681392;1.85442700847
2120;0.0946941451133;1.78340639963
2121;0.0631294300755;1.88599172351
2122;0.0946941451133;1.85442700847
2123;0.0946941451133;1.81497111467
2124;0.0946941451133;1.78340639963
2125;0.0946941451133;1.85442700847
2126;0.118367681392;1.81497111467
2127;0.118367681392;1.85442700847
2128;0.118367681392;1.78340639963
2129;0.0631294300755;1.88599172351
2130;0.0946941451133;1.85442700847
2131;0.0946941451133;1.81497111467
2132;0.0631294300755;1.81497111467
2133;0.0946941451133;1.85442700847
2134;0.118367681392;1.88599172351
2135;0.0946941451133;1.85442700847
2136;0.0946941451133;1.81497111467
2137;0.118367681392;1.88599172351
2138;0.118367681392;1.85442700847
2139;0.0946941451133;1.81497111467
2140;0.118367681392;1.85442700847
2141;0.118367681392;1.81497111467
2142;0.118367681392;1.85442700847
2143;0.0946941451133;1.81497111467
2144;0.118367681392;1.85442700847
2145;0.0946941451133;1.81497111467
2146;0.149932396429;1.81497111467
2147;0.118367681392;1.81497111467
2148;0.118367681392;1.81497111467
2149;0.149932396429;1.85442700847
2150;0.118367681392;1.81497111467
2151;0.118367681392;1.81497111467
2152;0.118367681392;1.88599172351
2153;0.118367681392;1.85442700847
2154;0.118367681392;1.85442700847
2155;0.118367681392;1.81497111467
2156;0.118367681392;1.85442700847
2157;0.118367681392;1.81497111467
2158;0.0946941451133;1.81497111467
2159;0.118367681392;1.85442700847
2160;0.0631294300755;1.81497111467
2161;0.118367681392;1.81497111467
2162;0.0946941451133;1.78340639963
2163;0.118367681392;1.81497111467
2164;0.0946941451133;1.81497111467
2165;0.181497111467;1.81497111467
2166;0.0946941451133;1.81497111467
2167;0.0946941451133;1.78340639963
2168;0.118367681392;1.85442700847
2169;0.0946941451133;1.85442700847
2170;0.118367681392;1.81497111467
2171;0.0946941451133;1.78340639963
2172;0.118367681392;1.78340639963
2173;0.0946941451133;1.85442700847
2174;0.118367681392;1.81497111467
2175;0.149932396429;1.78340639963
2176;0.0946941451133;1.85442700847
2177;0.118367681392;1.81497111467
2178;0.149932396429;1.78340639963
2179;0.149932396429;1.81497111467
2180;0.118367681392;1.81497111467
2181;0.118367681392;1.81497111467
2182;0.118367681392;1.81497111467
2183;0.118367681392;1.78340639963
2184;0.149932396429;1.85442700847
2185;0.118367681392;1.81497111467
2186;0.181497111467;1.85442700847
2187;0.149932396429;1.78340639963
2188;0.181497111467;1.78340639963
2189;0.149932396429;1.81497111467
2190;0.181497111467;1.81497111467
2191;0.118367681392;1.81497111467
2192;0.118367681392;1.81497111467
2193;0.149932396429;1.81497111467
2194;0.149932396429;1.81497111467
2195;0.149932396429;1.81497111467
2196;0.181497111467;1.81497111467
2197;0.149932396429;1.78340639963
2198;0.149932396429;1.81497111467
2199;0.181497111467;1.81497111467
2200;0.149932396429;1.78340639963
2201;0.149932396429;1.81497111467
2202;0.181497111467;1.78340639963
2203;0.118367681392;1.85442700847
2204;0.149932396429;1.81497111467
2205;0.149932396429;1.78340639963
2206;0.181497111467;1.78340639963
2207;0.149932396429;1.81497111467
2208;0.118367681392;1.81497111467
2209;0.149932396429;1.78340639963
2210;0.149932396429;1.88599172351
2211;0.149932396429;1.85442700847
2212;0.181497111467;1.78340639963
2213;0.118367681392;1.78340639963
2214;0.181497111467;1.81497111467
2215;0.149932396429;1.81497111467
2216;0.118367681392;1.78340639963
2217;0.149932396429;1.81497111467
2218;0.118367681392;1.78340639963
2219;0.149932396429;1.88599172351
2220;0.149932396429;1.78340639963
2221;0.118367681392;1.7518416846
2222;0.118367681392;1.78340639963
2223;0.149932396429;1.81497111467
2224;0.118367681392;1.81497111467
2225;0.118367681392;1.81497111467
2226;0.118367681392;1.81497111467
2227;0.149932396429;1.78340639963
2228;0.149932396429;1.81497111467
2229;0.149932396429;1.78340639963
2230;0.149932396429;1.81497111467
2231;0.149932396429;1.85442700847
2232;0.118367681392;1.78340639963
2233;0.149932396429;1.78340639963
2234;0.149932396429;1.78340639963
2235;0.118367681392;1.81497111467
2236;0.149932396429;1.7123857908
2237;0.149932396429;1.78340639963
2238;0.118367681392;1.81497111467
2239;0.149932396429;1.7518416846
2240;0.149932396429;1.78340639963
2241;0.149932396429;1.78340639963
2242;0.181497111467;1.7518416846
2243;0.149932396429;1.78340639963
2244;0.149932396429;1.81497111467
2245;0.181497111467;1.81497111467
2246;0.149932396429;1.78340639963
2247;0.149932396429;1.7518416846
2248;0.181497111467;1.78340639963
2249;0.181497111467;1.81497111467
2250;0.181497111467;1.78340639963
2251;0.181497111467;1.81497111467
2252;0.181497111467;1.7518416846
2253;0.149932396429;1.78340639963
2254;0.149932396429;1.81497111467
2255;0.181497111467;1.7518416846
2256;0.181497111467;1.81497111467
2257;0.118367681392;1.78340639963
2258;0.149932396429;1.85442700847
2259;0.149932396429;1.88599172351
2260;0.118367681392;1.85442700847
2261;0.149932396429;1.81497111467
2262;0.118367681392;2.02014176242
2263;0.149932396429;1.7518416846
2264;0.118367681392;1.81497111467
2265;0.149932396429;1.85442700847
2266;0.118367681392;1.64925636072
2267;0.149932396429;-0.828573769741
2268;0.181497111467;-1.81497111467
2269;0.181497111467;-0.520817798123
2270;0.118367681392;-0.520817798123
2271;0.149932396429;-0.489253083085
2272;0.181497111467;-0.520817798123
2273;0.149932396429;-0.725988445869
2275;0.181497111467;-0.489253083085
2276;0.181497111467;-0.591838406958
2277;0.149932396429;-0.591838406958
2278;0.181497111467;-0.520817798123
2279;0.149932396429;-0.591838406958
2280;0.118367681392;-0.520817798123
2281;0.149932396429;-0.623403121996
2282;0.149932396429;-0.591838406958
2283;0.181497111467;-0.386667759213
2284;0.149932396429;-0.765444339666
2285;0.181497111467;-0.765444339666
2286;0.149932396429;-0.623403121996
2287;0.149932396429;-0.725988445869
2289;0.149932396429;-0.591838406958
2290;0.149932396429;-0.662859015793
2291;0.181497111467;-0.662859015793
2292;0.181497111467;-0.765444339666
2293;0.181497111467;-0.623403121996
2294;0.181497111467;-0.662859015793
2295;0.149932396429;-0.662859015793
2296;0.149932396429;-0.623403121996
2297;0.181497111467;-0.591838406958
2298;0.149932396429;-0.623403121996
2299;0.149932396429;-0.623403121996
2300;0.149932396429;-0.662859015793
2301;0.118367681392;-0.662859015793
2302;0.149932396429;-0.623403121996
2303;0.149932396429;-0.623403121996
2304;0.149932396429;-0.623403121996
2305;0.149932396429;-0.662859015793
