0;-0.481361904326;-0.118367681392
0;-0.512926619364;-0.118367681392
1;-0.481361904326;-0.0789117875944
2;-0.536600155642;-0.0789117875944
3;-0.481361904326;-0.118367681392
4;-0.536600155642;-0.0789117875944
5;-0.512926619364;-0.0789117875944
6;-0.512926619364;-0.0789117875944
7;-0.512926619364;-0.118367681392
8;-0.536600155642;-0.118367681392
9;-0.512926619364;-0.0789117875944
10;-0.481361904326;-0.0789117875944
11;-0.481361904326;-0.0789117875944
12;-0.481361904326;-0.118367681392
13;-0.512926619364;-0.118367681392
14;-0.481361904326;-0.0789117875944
15;-0.481361904326;-0.0789117875944
16;-0.481361904326;-0.0789117875944
17;-0.512926619364;-0.0789117875944
18;-0.512926619364;-0.0789117875944
19;-0.481361904326;-0.0789117875944
20;-0.449797189288;-0.0789117875944
21;-0.481361904326;-0.0789117875944
22;-0.481361904326;-0.0789117875944
23;-0.481361904326;-0.118367681392
24;-0.449797189288;-0.118367681392
25;-0.481361904326;-0.0789117875944
26;-0.42612365301;-0.0789117875944
27;-0.42612365301;-0.118367681392
28;-0.42612365301;-0.118367681392
29;-0.449797189288;-0.0789117875944
30;-0.42612365301;-0.0789117875944
31;-0.42612365301;-0.118367681392
32;-0.42612365301;-0.0789117875944
33;-0.449797189288;-0.0789117875944
34;-0.449797189288;-0.118367681392
35;-0.449797189288;-0.118367681392
36;-0.42612365301;-0.0789117875944
37;-0.42612365301;-0.0473470725566
38;-0.42612365301;-0.0789117875944
39;-0.449797189288;-0.118367681392
40;-0.449797189288;-0.0473470725566
41;-0.449797189288;-0.0789117875944
42;-0.481361904326;-0.0789117875944
43;-0.42612365301;-0.0789117875944
44;-0.449797189288;-0.0789117875944
45;-0.449797189288;-0.0789117875944
46;-0.394558937972;-0.118367681392
47;-0.42612365301;-0.0789117875944
48;-0.42612365301;-0.0789117875944
49;-0.449797189288;-0.0789117875944
50;-0.42612365301;-0.149932396429
51;-0.449797189288;-0.118367681392
52;-0.394558937972;-0.0789117875944
53;-0.42612365301;-0.118367681392
54;-0.394558937972;-0.118367681392
55;-0.449797189288;-0.149932396429
56;-0.42612365301;-0.0789117875944
57;-0.42612365301;-0.118367681392
58;-0.394558937972;-0.118367681392
59;-0.42612365301;-0.118367681392
60;-0.394558937972;-0.0789117875944
61;-0.42612365301;-0.0789117875944
62;-0.449797189288;-0.118367681392
63;-0.394558937972;-0.0789117875944
64;-0.42612365301;-0.118367681392
65;-0.42612365301;-0.118367681392
66;-0.42612365301;-0.0789117875944
67;-0.449797189288;-0.0473470725566
68;-0.42612365301;-0.118367681392
69;-0.42612365301;-0.118367681392
70;-0.394558937972;-0.118367681392
71;-0.42612365301;-0.0473470725566
72;-0.394558937972;-0.0789117875944
73;-0.394558937972;-0.118367681392
74;-0.42612365301;-0.0789117875944
75;-0.449797189288;-0.118367681392
76;-0.42612365301;-0.118367681392
77;-0.42612365301;-0.0789117875944
78;-0.42612365301;-0.118367681392
79;-0.449797189288;-0.149932396429
80;-0.42612365301;-0.149932396429
81;-0.42612365301;-0.0789117875944
82;-0.42612365301;-0.0789117875944
83;-0.42612365301;-0.118367681392
84;-0.42612365301;-0.118367681392
85;-0.42612365301;-0.0789117875944
86;-0.42612365301;-0.118367681392
87;-0.42612365301;-0.118367681392
88;-0.42612365301;-0.118367681392
89;-0.42612365301;-0.149932396429
90;-0.42612365301;-0.149932396429
91;-0.42612365301;-0.118367681392
92;-0.449797189288;-0.118367681392
93;-0.449797189288;-0.149932396429
94;-0.42612365301;-0.118367681392
95;-0.449797189288;-0.118367681392
96;-0.481361904326;-0.0789117875944
97;-0.449797189288;-0.118367681392
98;-0.512926619364;-0.149932396429
99;-0.449797189288;-0.149932396429
100;-0.481361904326;-0.118367681392
101;-0.481361904326;-0.149932396429
102;-0.449797189288;-0.149932396429
103;-0.481361904326;-0.118367681392
104;-0.42612365301;-0.118367681392
105;-0.481361904326;-0.118367681392
106;-0.449797189288;-0.181497111467
107;-0.449797189288;-0.149932396429
108;-0.481361904326;-0.0789117875944
109;-0.42612365301;-0.118367681392
110;-0.481361904326;-0.149932396429
111;-0.481361904326;-0.149932396429
112;-0.481361904326;-0.118367681392
113;-0.42612365301;-0.118367681392
114;-0.449797189288;-0.149932396429
115;-0.449797189288;-0.118367681392
116;-0.449797189288;-0.118367681392
117;-0.449797189288;-0.181497111467
118;-0.481361904326;-0.149932396429
119;-0.42612365301;-0.149932396429
120;-0.449797189288;-0.149932396429
121;-0.449797189288;-0.181497111467
122;-0.449797189288;-0.149932396429
123;-0.449797189288;-0.118367681392
124;-0.449797189288;-0.149932396429
125;-0.481361904326;-0.118367681392
126;-0.512926619364;-0.118367681392
127;-0.449797189288;-0.118367681392
128;-0.481361904326;-0.118367681392
129;-0.481361904326;-0.118367681392
130;-0.481361904326;-0.118367681392
131;-0.449797189288;-0.118367681392
132;-0.449797189288;-0.149932396429
133;-0.481361904326;-0.118367681392
134;-0.481361904326;-0.181497111467
135;-0.449797189288;-0.118367681392
136;-0.449797189288;-0.149932396429
137;-0.481361904326;-0.118367681392
138;-0.481361904326;-0.149932396429
139;-0.481361904326;-0.0789117875944
140;-0.481361904326;-0.149932396429
141;-0.449797189288;-0.149932396429
142;-0.512926619364;-0.149932396429
143;-0.512926619364;-0.118367681392
144;-0.481361904326;-0.118367681392
145;-0.449797189288;-0.149932396429
146;-0.481361904326;-0.118367681392
147;-0.481361904326;-0.149932396429
148;-0.481361904326;-0.149932396429
149;-0.449797189288;-0.118367681392
150;-0.481361904326;-0.118367681392
151;-0.449797189288;-0.118367681392
152;-0.449797189288;-0.118367681392
153;-0.449797189288;-0.118367681392
154;-0.42612365301;-0.149932396429
155;-0.394558937972;-0.181497111467
156;-0.449797189288;-0.149932396429
157;-0.42612365301;-0.149932396429
158;-0.449797189288;-0.118367681392
159;-0.42612365301;-0.118367681392
160;-0.449797189288;-0.118367681392
161;-0.42612365301;-0.149932396429
162;-0.42612365301;-0.118367681392
163;-0.449797189288;-0.118367681392
164;-0.42612365301;-0.118367681392
165;-0.42612365301;-0.149932396429
166;-0.42612365301;-0.118367681392
167;-0.449797189288;-0.118367681392
168;-0.449797189288;-0.149932396429
169;-0.449797189288;-0.149932396429
170;-0.512926619364;-0.118367681392
171;-0.481361904326;-0.118367681392
172;-0.481361904326;-0.149932396429
173;-0.481361904326;-0.118367681392
174;-0.449797189288;-0.118367681392
175;-0.481361904326;-0.149932396429
176;-0.42612365301;-0.118367681392
177;-0.42612365301;-0.149932396429
178;-0.449797189288;-0.118367681392
179;-0.449797189288;-0.118367681392
180;-0.42612365301;-0.149932396429
181;-0.449797189288;-0.149932396429
182;-0.449797189288;-0.118367681392
183;-0.481361904326;-0.149932396429
184;-0.42612365301;-0.149932396429
185;-0.449797189288;-0.149932396429
186;-0.449797189288;-0.118367681392
187;-0.512926619364;-0.149932396429
188;-0.481361904326;-0.118367681392
189;-0.481361904326;-0.149932396429
190;-0.512926619364;-0.118367681392
191;-0.481361904326;-0.149932396429
192;-0.481361904326;-0.118367681392
193;-0.449797189288;-0.0789117875944
194;-0.481361904326;-0.118367681392
195;-0.481361904326;-0.118367681392
196;-0.536600155642;-0.149932396429
197;-0.512926619364;-0.118367681392
198;-0.536600155642;-0.118367681392
199;-0.512926619364;-0.149932396429
200;-0.536600155642;-0.149932396429
201;-0.512926619364;-0.149932396429
202;-0.512926619364;-0.118367681392
203;-0.512926619364;-0.118367681392
204;-0.481361904326;-0.149932396429
205;-0.481361904326;-0.118367681392
206;-0.481361904326;-0.118367681392
207;-0.481361904326;-0.118367681392
208;-0.512926619364;-0.118367681392
209;-0.512926619364;-0.118367681392
210;-0.449797189288;-0.118367681392
211;-0.481361904326;-0.118367681392
212;-0.536600155642;-0.149932396429
213;-0.512926619364;-0.0789117875944
214;-0.481361904326;-0.118367681392
215;-0.512926619364;-0.149932396429
216;-0.512926619364;-0.118367681392
217;-0.481361904326;-0.149932396429
218;-0.481361904326;-0.0789117875944
219;-0.481361904326;-0.118367681392
220;-0.512926619364;-0.118367681392
221;-0.512926619364;-0.118367681392
222;-0.536600155642;-0.118367681392
223;-0.512926619364;-0.118367681392
224;-0.536600155642;-0.118367681392
225;-0.481361904326;-0.118367681392
226;-0.512926619364;-0.149932396429
227;-0.481361904326;-0.0789117875944
228;-0.536600155642;-0.0789117875944
229;-0.481361904326;-0.118367681392
230;-0.449797189288;-0.118367681392
231;-0.481361904326;-0.118367681392
232;-0.536600155642;-0.118367681392
233;-0.536600155642;-0.118367681392
234;-0.512926619364;-0.118367681392
235;-0.512926619364;-0.149932396429
236;-0.512926619364;-0.118367681392
237;-0.512926619364;-0.0789117875944
238;-0.512926619364;-0.118367681392
239;-0.512926619364;-0.149932396429
240;-0.536600155642;-0.118367681392
241;-0.536600155642;-0.0789117875944
242;-0.536600155642;-0.149932396429
243;-0.512926619364;-0.118367681392
244;-0.536600155642;-0.118367681392
245;-0.512926619364;-0.0789117875944
246;-0.512926619364;-0.118367681392
247;-0.536600155642;-0.0789117875944
248;-0.536600155642;-0.0789117875944
249;-0.512926619364;-0.0789117875944
250;-0.536600155642;-0.118367681392
251;-0.56816487068;-0.118367681392
252;-0.536600155642;-0.0789117875944
253;-0.536600155642;-0.118367681392
254;-0.512926619364;-0.118367681392
255;-0.56816487068;-0.0473470725566
256;-0.536600155642;-0.149932396429
257;-0.56816487068;-0.118367681392
258;-0.56816487068;-0.118367681392
259;-0.56816487068;-0.118367681392
260;-0.56816487068;-0.0789117875944
261;-0.536600155642;-0.0789117875944
262;-0.56816487068;-0.0473470725566
263;-0.536600155642;-0.118367681392
264;-0.56816487068;-0.0789117875944
265;-0.56816487068;-0.0789117875944
266;-0.599729585718;-0.118367681392
267;-0.536600155642;-0.0789117875944
268;-0.536600155642;-0.0789117875944
269;-0.536600155642;-0.118367681392
270;-0.536600155642;-0.0789117875944
271;-0.56816487068;-0.118367681392
272;-0.56816487068;-0.0789117875944
273;-0.536600155642;-0.0789117875944
274;-0.536600155642;-0.118367681392
275;-0.536600155642;-0.0789117875944
276;-0.536600155642;-0.118367681392
277;-0.56816487068;-0.118367681392
278;-0.536600155642;-0.0789117875944
279;-0.536600155642;-0.118367681392
280;-0.512926619364;-0.0789117875944
281;-0.536600155642;-0.118367681392
282;-0.512926619364;-0.0473470725566
283;-0.536600155642;-0.118367681392
284;-0.536600155642;-0.118367681392
285;-0.512926619364;-0.118367681392
286;-0.512926619364;-0.0789117875944
287;-0.536600155642;-0.118367681392
288;-0.536600155642;-0.118367681392
289;-0.536600155642;-0.118367681392
290;-0.536600155642;-0.118367681392
291;-0.536600155642;-0.0789117875944
292;-0.56816487068;-0.0789117875944
293;-0.512926619364;-0.0789117875944
294;-0.536600155642;-0.118367681392
295;-0.512926619364;-0.118367681392
296;-0.536600155642;-0.0789117875944
297;-0.512926619364;-0.0789117875944
298;-0.56816487068;-0.118367681392
299;-0.536600155642;-0.118367681392
300;-0.56816487068;-0.0473470725566
301;-0.56816487068;-0.118367681392
302;-0.599729585718;-0.118367681392
303;-0.536600155642;-0.118367681392
304;-0.599729585718;-0.0789117875944
305;-0.599729585718;-0.0789117875944
306;-0.599729585718;-0.118367681392
307;-0.56816487068;-0.118367681392
308;-0.56816487068;-0.118367681392
309;-0.536600155642;-0.0789117875944
310;-0.56816487068;-0.118367681392
311;-0.56816487068;-0.118367681392
312;-0.599729585718;-0.0789117875944
313;-0.599729585718;-0.0789117875944
314;-0.56816487068;-0.0789117875944
315;-0.56816487068;-0.149932396429
316;-0.56816487068;-0.0789117875944
317;-0.56816487068;-0.0789117875944
318;-0.56816487068;-0.0789117875944
319;-0.56816487068;-0.0789117875944
320;-0.56816487068;-0.0789117875944
321;-0.599729585718;-0.118367681392
322;-0.599729585718;-0.118367681392
323;-0.599729585718;-0.118367681392
324;-0.599729585718;-0.118367681392
325;-0.56816487068;-0.118367681392
326;-0.536600155642;-0.118367681392
327;-0.599729585718;-0.0789117875944
328;-0.599729585718;-0.118367681392
329;-0.56816487068;-0.0789117875944
330;-0.599729585718;-0.0789117875944
331;-0.56816487068;-0.0789117875944
332;-0.599729585718;-0.118367681392
333;-0.599729585718;-0.118367681392
334;-0.56816487068;-0.118367681392
335;-0.599729585718;-0.0789117875944
336;-0.599729585718;-0.118367681392
337;-0.56816487068;-0.118367681392
338;-0.599729585718;-0.118367681392
339;-0.56816487068;-0.0473470725566
340;-0.599729585718;-0.0789117875944
341;-0.599729585718;-0.118367681392
342;-0.599729585718;-0.118367681392
343;-0.599729585718;-0.0789117875944
344;-0.599729585718;-0.118367681392
345;-0.56816487068;-0.118367681392
346;-0.56816487068;-0.118367681392
347;-0.599729585718;-0.0789117875944
348;-0.599729585718;-0.118367681392
349;-0.623403121996;-0.0789117875944
350;-0.623403121996;-0.118367681392
351;-0.56816487068;-0.118367681392
352;-0.599729585718;-0.118367681392
353;-0.599729585718;-0.118367681392
354;-0.56816487068;-0.0789117875944
355;-0.56816487068;-0.118367681392
356;-0.56816487068;-0.118367681392
357;-0.599729585718;-0.118367681392
358;-0.56816487068;-0.0789117875944
359;-0.56816487068;-0.118367681392
360;-0.56816487068;-0.0473470725566
361;-0.599729585718;-0.0473470725566
362;-0.599729585718;-0.118367681392
363;-0.599729585718;-0.118367681392
364;-0.56816487068;-0.0789117875944
365;-0.599729585718;-0.0789117875944
366;-0.56816487068;-0.118367681392
367;-0.599729585718;-0.0789117875944
368;-0.623403121996;-0.118367681392
369;-0.56816487068;-0.118367681392
370;-0.623403121996;-0.118367681392
371;-0.623403121996;-0.118367681392
372;-0.599729585718;-0.0473470725566
373;-0.599729585718;-0.118367681392
374;-0.599729585718;-0.118367681392
375;-0.56816487068;-0.118367681392
376;-0.599729585718;-0.0473470725566
377;-0.56816487068;-0.118367681392
378;-0.599729585718;-0.118367681392
379;-0.56816487068;-0.118367681392
380;-0.56816487068;-0.0473470725566
381;-0.56816487068;-0.0789117875944
382;-0.623403121996;-0.118367681392
383;-0.56816487068;-0.118367681392
384;-0.599729585718;-0.118367681392
385;-0.56816487068;-0.118367681392
386;-0.536600155642;-0.0789117875944
387;-0.536600155642;-0.0789117875944
388;-0.56816487068;-0.0789117875944
389;-0.536600155642;-0.0789117875944
390;-0.536600155642;-0.0473470725566
391;-0.536600155642;-0.0789117875944
392;-0.536600155642;-0.118367681392
393;-0.56816487068;-0.0473470725566
394;-0.599729585718;-0.118367681392
395;-0.536600155642;-0.0789117875944
396;-0.56816487068;-0.0789117875944
397;-0.599729585718;-0.0473470725566
398;-0.536600155642;-0.0789117875944
399;-0.56816487068;-0.118367681392
400;-0.56816487068;-0.118367681392
401;-0.56816487068;-0.0789117875944
402;-0.536600155642;-0.118367681392
403;-0.56816487068;-0.118367681392
404;-0.56816487068;-0.118367681392
405;-0.599729585718;-0.118367681392
406;-0.56816487068;-0.0789117875944
407;-0.56816487068;-0.0789117875944
408;-0.56816487068;-0.118367681392
409;-0.599729585718;-0.0789117875944
410;-0.56816487068;-0.118367681392
411;-0.599729585718;-0.0473470725566
412;-0.56816487068;-0.118367681392
413;-0.56816487068;-0.118367681392
414;-0.599729585718;-0.0789117875944
415;-0.536600155642;-0.118367681392
416;-0.56816487068;-0.118367681392
417;-0.56816487068;-0.0789117875944
418;-0.536600155642;-0.118367681392
419;-0.536600155642;-0.118367681392
420;-0.599729585718;-0.0473470725566
421;-0.599729585718;-0.0473470725566
422;-0.56816487068;-0.0789117875944
423;-0.599729585718;-0.118367681392
424;-0.56816487068;-0.0789117875944
425;-0.56816487068;-0.0789117875944
426;-0.56816487068;-0.149932396429
427;-0.56816487068;-0.0789117875944
428;-0.536600155642;-0.0789117875944
429;-0.536600155642;-0.0789117875944
430;-0.56816487068;-0.118367681392
431;-0.536600155642;-0.0789117875944
432;-0.536600155642;-0.0789117875944
433;-0.56816487068;-0.0789117875944
434;-0.56816487068;-0.118367681392
435;-0.536600155642;-0.118367681392
436;-0.536600155642;-0.0789117875944
437;-0.536600155642;-0.0789117875944
438;-0.56816487068;-0.0789117875944
439;-0.56816487068;-0.0473470725566
440;-0.56816487068;-0.118367681392
441;-0.599729585718;-0.0789117875944
442;-0.56816487068;-0.118367681392
443;-0.536600155642;-0.0789117875944
444;-0.536600155642;-0.118367681392
445;-0.56816487068;-0.118367681392
446;-0.599729585718;-0.0789117875944
447;-0.536600155642;-0.118367681392
448;-0.56816487068;-0.118367681392
449;-0.56816487068;-0.118367681392
450;-0.536600155642;-0.0473470725566
451;-0.56816487068;-0.0789117875944
452;-0.56816487068;-0.118367681392
453;-0.56816487068;-0.118367681392
454;-0.56816487068;-0.0789117875944
455;-0.536600155642;-0.118367681392
456;-0.536600155642;-0.118367681392
457;-0.56816487068;-0.118367681392
458;-0.56816487068;-0.118367681392
459;-0.599729585718;-0.118367681392
460;-0.536600155642;-0.118367681392
461;-0.599729585718;-0.0789117875944
462;-0.56816487068;-0.118367681392
463;-0.56816487068;-0.118367681392
464;-0.56816487068;-0.118367681392
465;-0.623403121996;-0.118367681392
466;-0.56816487068;-0.118367681392
467;-0.56816487068;-0.0789117875944
468;-0.599729585718;-0.118367681392
469;-0.599729585718;-0.0789117875944
470;-0.599729585718;-0.118367681392
471;-0.623403121996;-0.118367681392
472;-0.599729585718;-0.118367681392
473;-0.599729585718;-0.0789117875944
474;-0.599729585718;-0.0789117875944
475;-0.599729585718;-0.118367681392
476;-0.623403121996;-0.0789117875944
477;-0.599729585718;-0.118367681392
478;-0.536600155642;-0.0789117875944
479;-0.56816487068;-0.0789117875944
480;-0.56816487068;-0.118367681392
481;-0.56816487068;-0.0789117875944
482;-0.56816487068;-0.0789117875944
483;-0.56816487068;-0.149932396429
484;-0.599729585718;-0.118367681392
485;-0.56816487068;-0.0789117875944
486;-0.56816487068;-0.118367681392
487;-0.56816487068;-0.118367681392
488;-0.56816487068;-0.118367681392
489;-0.56816487068;-0.0789117875944
490;-0.599729585718;-0.118367681392
491;-0.599729585718;-0.118367681392
492;-0.599729585718;-0.118367681392
493;-0.623403121996;-0.0789117875944
494;-0.56816487068;-0.0789117875944
495;-0.599729585718;-0.0789117875944
496;-0.56816487068;-0.118367681392
497;-0.56816487068;-0.118367681392
498;-0.599729585718;-0.118367681392
499;-0.56816487068;-0.118367681392
500;-0.623403121996;-0.149932396429
501;-0.599729585718;-0.0473470725566
502;-0.599729585718;-0.0789117875944
503;-0.623403121996;-0.118367681392
504;-0.599729585718;-0.118367681392
505;-0.623403121996;-0.0789117875944
506;-0.599729585718;-0.0789117875944
507;-0.623403121996;-0.118367681392
508;-0.599729585718;-0.0789117875944
509;-0.56816487068;-0.118367681392
510;-0.599729585718;-0.118367681392
511;-0.599729585718;-0.0789117875944
512;-0.56816487068;-0.0789117875944
513;-0.599729585718;-0.0789117875944
514;-0.623403121996;-0.118367681392
515;-0.654967837034;-0.118367681392
516;-0.623403121996;-0.0789117875944
517;-0.599729585718;-0.118367681392
518;-0.623403121996;-0.0789117875944
519;-0.599729585718;-0.118367681392
520;-0.623403121996;-0.118367681392
521;-0.623403121996;-0.0789117875944
522;-0.654967837034;-0.0789117875944
523;-0.623403121996;-0.118367681392
524;-0.599729585718;-0.0789117875944
525;-0.623403121996;-0.0789117875944
526;-0.599729585718;-0.118367681392
527;-0.623403121996;-0.118367681392
528;-0.623403121996;-0.0789117875944
529;-0.599729585718;-0.118367681392
530;-0.623403121996;-0.0789117875944
531;-0.623403121996;-0.118367681392
532;-0.599729585718;-0.118367681392
533;-0.599729585718;-0.0789117875944
534;-0.623403121996;-0.118367681392
535;-0.599729585718;-0.0789117875944
536;-0.56816487068;-0.149932396429
537;-0.623403121996;-0.0789117875944
538;-0.56816487068;-0.118367681392
539;-0.623403121996;-0.118367681392
540;-0.623403121996;-0.0789117875944
541;-0.599729585718;-0.0789117875944
542;-0.623403121996;-0.118367681392
543;-0.623403121996;-0.118367681392
544;-0.599729585718;-0.118367681392
545;-0.599729585718;-0.118367681392
546;-0.623403121996;-0.118367681392
547;-0.654967837034;-0.0789117875944
548;-0.599729585718;-0.0789117875944
549;-0.623403121996;-0.149932396429
550;-0.623403121996;-0.149932396429
551;-0.623403121996;-0.0789117875944
552;-0.599729585718;-0.0789117875944
553;-0.623403121996;-0.118367681392
554;-0.654967837034;-0.0789117875944
555;-0.623403121996;-0.0789117875944
556;-0.623403121996;-0.118367681392
557;-0.623403121996;-0.118367681392
558;-0.654967837034;-0.0789117875944
559;-0.678641373312;-0.0789117875944
560;-0.623403121996;-0.0473470725566
561;-0.654967837034;-0.118367681392
562;-0.678641373312;-0.0473470725566
563;-0.71020608835;-0.0789117875944
564;-0.654967837034;-0.0789117875944
565;-0.654967837034;-0.118367681392
566;-0.678641373312;-0.118367681392
567;-0.678641373312;-0.0473470725566
568;-0.71020608835;-0.0789117875944
569;-0.71020608835;-0.118367681392
570;-0.678641373312;-0.118367681392
571;-0.71020608835;-0.118367681392
572;-0.71020608835;-0.118367681392
573;-0.741770803388;-0.118367681392
574;-0.678641373312;-0.118367681392
575;-0.71020608835;-0.0789117875944
576;-0.71020608835;-0.0789117875944
577;-0.71020608835;-0.0789117875944
578;-0.678641373312;-0.0789117875944
579;-0.678641373312;-0.118367681392
580;-0.71020608835;-0.118367681392
581;-0.678641373312;-0.118367681392
582;-0.678641373312;-0.0789117875944
583;-0.678641373312;-0.0789117875944
584;-0.678641373312;-0.118367681392
585;-0.678641373312;-0.0789117875944
586;-0.71020608835;-0.0789117875944
587;-0.71020608835;-0.118367681392
588;-0.71020608835;-0.118367681392
589;-0.741770803388;-0.118367681392
590;-0.678641373312;-0.118367681392
591;-0.71020608835;-0.0789117875944
592;-0.71020608835;-0.118367681392
593;-0.71020608835;-0.118367681392
594;-0.71020608835;-0.0789117875944
595;-0.71020608835;-0.118367681392
596;-0.71020608835;-0.118367681392
597;-0.741770803388;-0.0473470725566
598;-0.741770803388;-0.118367681392
599;-0.741770803388;-0.0789117875944
600;-0.71020608835;-0.118367681392
601;-0.741770803388;-0.0473470725566
602;-0.71020608835;-0.118367681392
603;-0.765444339666;-0.118367681392
604;-0.741770803388;-0.118367681392
605;-0.741770803388;-0.0789117875944
606;-0.765444339666;-0.118367681392
607;-0.797009054704;-0.118367681392
608;-0.741770803388;-0.0789117875944
609;-0.741770803388;-0.0789117875944
610;-0.741770803388;-0.0789117875944
611;-0.765444339666;-0.118367681392
612;-0.765444339666;-0.0789117875944
613;-0.741770803388;-0.0789117875944
614;-0.765444339666;-0.118367681392
615;-0.765444339666;-0.0789117875944
616;-0.797009054704;-0.118367681392
617;-0.797009054704;-0.0789117875944
618;-0.765444339666;-0.118367681392
619;-0.797009054704;-0.118367681392
620;-0.765444339666;-0.0789117875944
621;-0.765444339666;-0.118367681392
622;-0.765444339666;-0.118367681392
623;-0.765444339666;-0.149932396429
624;-0.797009054704;-0.149932396429
625;-0.828573769741;-0.118367681392
626;-0.797009054704;-0.149932396429
627;-0.828573769741;-0.149932396429
628;-0.828573769741;-0.149932396429
629;-0.797009054704;-0.149932396429
630;-0.828573769741;-0.118367681392
631;-0.85224730602;-0.149932396429
632;-0.85224730602;-0.149932396429
633;-0.915376736095;-0.118367681392
634;-0.85224730602;-0.149932396429
635;-0.85224730602;-0.118367681392
636;-0.85224730602;-0.149932396429
637;-0.85224730602;-0.181497111467
638;-0.883812021057;-0.118367681392
639;-0.85224730602;-0.149932396429
640;-0.85224730602;-0.149932396429
641;-0.85224730602;-0.149932396429
642;-0.883812021057;-0.118367681392
643;-0.85224730602;-0.118367681392
644;-0.828573769741;-0.149932396429
645;-0.85224730602;-0.149932396429
646;-0.85224730602;-0.118367681392
647;-0.828573769741;-0.118367681392
648;-0.828573769741;-0.118367681392
649;-0.828573769741;-0.118367681392
650;-0.828573769741;-0.118367681392
651;-0.828573769741;-0.118367681392
652;-0.828573769741;-0.149932396429
653;-0.85224730602;-0.0789117875944
654;-0.85224730602;-0.118367681392
655;-0.85224730602;-0.149932396429
656;-0.828573769741;-0.149932396429
657;-0.828573769741;-0.118367681392
658;-0.85224730602;-0.118367681392
659;-0.828573769741;-0.149932396429
660;-0.828573769741;-0.149932396429
661;-0.85224730602;-0.118367681392
662;-0.828573769741;-0.118367681392
663;-0.883812021057;-0.149932396429
664;-0.85224730602;-0.149932396429
665;-0.883812021057;-0.118367681392
666;-0.85224730602;-0.118367681392
667;-0.85224730602;-0.149932396429
668;-0.85224730602;-0.149932396429
669;-0.828573769741;-0.149932396429
670;-0.828573769741;-0.149932396429
671;-0.85224730602;-0.118367681392
672;-0.85224730602;-0.118367681392
673;-0.85224730602;-0.0789117875944
674;-0.85224730602;-0.118367681392
675;-0.85224730602;-0.149932396429
676;-0.85224730602;-0.149932396429
677;-0.828573769741;-0.118367681392
678;-0.828573769741;-0.0789117875944
679;-0.828573769741;-0.149932396429
680;-0.828573769741;-0.149932396429
681;-0.828573769741;-0.118367681392
682;-0.797009054704;-0.118367681392
683;-0.828573769741;-0.149932396429
684;-0.828573769741;-0.149932396429
685;-0.797009054704;-0.0473470725566
686;-0.797009054704;-0.149932396429
687;-0.797009054704;-0.118367681392
688;-0.828573769741;-0.0473470725566
689;-0.85224730602;-0.149932396429
690;-0.828573769741;-0.118367681392
691;-0.797009054704;-0.149932396429
692;-0.85224730602;-0.0789117875944
693;-0.828573769741;-0.149932396429
694;-0.828573769741;-0.149932396429
695;-0.85224730602;-0.118367681392
696;-0.828573769741;-0.0789117875944
697;-0.85224730602;-0.0789117875944
698;-0.828573769741;-0.0789117875944
699;-0.765444339666;-0.0789117875944
700;-0.828573769741;-0.118367681392
701;-0.85224730602;-0.0789117875944
702;-0.828573769741;-0.0789117875944
703;-0.797009054704;-0.0789117875944
704;-0.828573769741;-0.0789117875944
705;-0.828573769741;-0.118367681392
706;-0.797009054704;-0.118367681392
707;-0.797009054704;-0.118367681392
708;-0.797009054704;-0.0789117875944
709;-0.797009054704;-0.0789117875944
710;-0.828573769741;-0.118367681392
711;-0.828573769741;-0.118367681392
712;-0.828573769741;-0.118367681392
713;-0.797009054704;-0.0789117875944
714;-0.828573769741;-0.149932396429
715;-0.797009054704;-0.118367681392
716;-0.828573769741;-0.0789117875944
717;-0.828573769741;-0.0789117875944
718;-0.85224730602;-0.118367681392
719;-0.797009054704;-0.0789117875944
720;-0.797009054704;-0.0789117875944
721;-0.85224730602;-0.118367681392
722;-0.828573769741;-0.118367681392
723;-0.828573769741;-0.0789117875944
724;-0.828573769741;-0.0789117875944
725;-0.85224730602;-0.0789117875944
726;-0.85224730602;-0.0789117875944
727;-0.85224730602;-0.118367681392
728;-0.85224730602;-0.0789117875944
729;-0.828573769741;-0.0789117875944
730;-0.85224730602;-0.149932396429
731;-0.828573769741;-0.118367681392
732;-0.828573769741;-0.0789117875944
733;-0.828573769741;-0.118367681392
734;-0.85224730602;-0.118367681392
735;-0.85224730602;-0.0789117875944
736;-0.797009054704;-0.0789117875944
737;-0.99428852369;-0.118367681392
738;-0.970614987411;-0.0789117875944
739;-0.99428852369;-0.0789117875944
740;-0.939050272374;-0.118367681392
741;-0.939050272374;-0.118367681392
742;-0.915376736095;-0.0789117875944
743;-0.883812021057;-0.0473470725566
744;-0.915376736095;-0.0789117875944
745;-0.883812021057;-0.0789117875944
746;-0.883812021057;-0.118367681392
747;-0.85224730602;-0.0789117875944
748;-0.828573769741;-0.118367681392
749;-0.797009054704;-0.149932396429
750;-0.797009054704;-0.118367681392
751;-0.797009054704;-0.149932396429
752;-0.797009054704;-0.0473470725566
753;-0.765444339666;-0.0789117875944
754;-0.797009054704;-0.0789117875944
755;-0.765444339666;-0.0789117875944
756;-0.765444339666;-0.0789117875944
757;-0.765444339666;-0.118367681392
758;-0.71020608835;-0.149932396429
759;-0.71020608835;-0.0789117875944
760;-0.678641373312;-0.118367681392
761;-0.71020608835;-0.118367681392
762;-0.678641373312;-0.0473470725566
763;-0.71020608835;-0.118367681392
764;-0.654967837034;-0.118367681392
765;-0.654967837034;-0.118367681392
766;-0.623403121996;-0.0473470725566
767;-0.654967837034;-0.0789117875944
768;-0.654967837034;-0.118367681392
769;-0.654967837034;-0.118367681392
770;-0.623403121996;-0.0789117875944
771;-0.599729585718;-0.118367681392
772;-0.623403121996;-0.118367681392
773;-0.623403121996;-0.0789117875944
774;-0.599729585718;-0.0789117875944
775;-0.623403121996;-0.118367681392
776;-0.623403121996;-0.118367681392
777;-0.599729585718;-0.0789117875944
778;-0.654967837034;-0.0789117875944
779;-0.623403121996;-0.0789117875944
780;-0.599729585718;-0.149932396429
781;-0.56816487068;-0.118367681392
782;-0.536600155642;-0.118367681392
783;-0.623403121996;-0.118367681392
784;-0.654967837034;-0.0473470725566
785;-0.654967837034;-0.118367681392
786;-0.623403121996;-0.0473470725566
787;-0.654967837034;-0.118367681392
788;-0.599729585718;-0.118367681392
789;-0.599729585718;-0.0473470725566
790;-0.599729585718;-0.0789117875944
791;-0.599729585718;-0.0789117875944
792;-0.56816487068;-0.0789117875944
793;-0.654967837034;-0.0789117875944
794;-0.654967837034;-0.0789117875944
795;-0.654967837034;-0.0789117875944
796;-0.654967837034;-0.118367681392
797;-0.599729585718;-0.0789117875944
798;-0.741770803388;-0.0789117875944
799;-0.765444339666;-0.0789117875944
800;-0.797009054704;-0.0789117875944
801;-0.654967837034;-0.118367681392
802;-0.623403121996;-0.0789117875944
803;-0.654967837034;-0.118367681392
804;-0.654967837034;-0.118367681392
805;-0.654967837034;-0.118367681392
806;-0.623403121996;-0.118367681392
807;-0.623403121996;-0.149932396429
808;-0.599729585718;-0.118367681392
809;-0.623403121996;-0.118367681392
810;-0.623403121996;-0.118367681392
811;-0.623403121996;-0.118367681392
812;-0.599729585718;-0.118367681392
813;-0.56816487068;-0.0789117875944
814;-0.599729585718;-0.0789117875944
815;-0.536600155642;-0.118367681392
816;-0.56816487068;-0.118367681392
817;-0.56816487068;-0.0789117875944
818;-0.56816487068;-0.118367681392
819;-0.536600155642;-0.0789117875944
820;-0.536600155642;-0.118367681392
821;-0.512926619364;-0.0473470725566
822;-0.536600155642;-0.149932396429
823;-0.512926619364;-0.0789117875944
824;-0.512926619364;-0.118367681392
825;-0.481361904326;-0.118367681392
826;-0.512926619364;-0.118367681392
827;-0.512926619364;-0.118367681392
828;-0.536600155642;-0.0789117875944
829;-0.512926619364;-0.118367681392
830;-0.481361904326;-0.118367681392
831;-0.481361904326;-0.118367681392
832;-0.481361904326;-0.118367681392
833;-0.481361904326;-0.0789117875944
834;-0.512926619364;-0.0789117875944
835;-0.449797189288;-0.118367681392
836;-0.481361904326;-0.0789117875944
837;-0.512926619364;-0.0789117875944
838;-0.481361904326;-0.0789117875944
839;-0.481361904326;-0.118367681392
840;-0.512926619364;-0.118367681392
841;-0.481361904326;-0.0789117875944
842;-0.481361904326;-0.118367681392
843;-0.449797189288;-0.0789117875944
844;-0.481361904326;-0.118367681392
845;-0.449797189288;-0.118367681392
846;-0.449797189288;-0.118367681392
847;-0.481361904326;-0.118367681392
848;-0.481361904326;-0.0789117875944
849;-0.42612365301;-0.0789117875944
850;-0.449797189288;-0.118367681392
851;-0.42612365301;-0.0789117875944
852;-0.481361904326;-0.118367681392
853;-0.481361904326;-0.0789117875944
854;-0.449797189288;-0.0789117875944
855;-0.481361904326;-0.118367681392
856;-0.449797189288;-0.149932396429
857;-0.481361904326;-0.118367681392
858;-0.449797189288;-0.118367681392
859;-0.42612365301;-0.0789117875944
860;-0.449797189288;-0.0789117875944
861;-0.449797189288;-0.0789117875944
862;-0.42612365301;-0.118367681392
863;-0.449797189288;-0.0789117875944
864;-0.449797189288;-0.0789117875944
865;-0.449797189288;-0.118367681392
866;-0.449797189288;-0.118367681392
867;-0.481361904326;-0.0789117875944
868;-0.449797189288;-0.118367681392
869;-0.394558937972;-0.0789117875944
870;-0.394558937972;-0.118367681392
871;-0.394558937972;-0.0789117875944
872;-0.42612365301;-0.0789117875944
873;-0.394558937972;-0.0789117875944
874;-0.394558937972;-0.0789117875944
875;-0.42612365301;-0.0789117875944
876;-0.394558937972;-0.118367681392
877;-0.42612365301;-0.118367681392
878;-0.42612365301;-0.118367681392
879;-0.42612365301;-0.0789117875944
880;-0.42612365301;-0.0789117875944
881;-0.449797189288;-0.149932396429
882;-0.42612365301;-0.0789117875944
883;-0.42612365301;-0.0789117875944
884;-0.42612365301;-0.118367681392
885;-0.449797189288;-0.149932396429
886;-0.394558937972;-0.0789117875944
887;-0.42612365301;-0.0789117875944
888;-0.42612365301;-0.118367681392
889;-0.481361904326;-0.118367681392
890;-0.449797189288;-0.0789117875944
891;-0.394558937972;-0.118367681392
892;-0.42612365301;-0.118367681392
893;-0.42612365301;-0.149932396429
894;-0.394558937972;-0.118367681392
895;-0.394558937972;-0.118367681392
896;-0.449797189288;-0.118367681392
897;-0.42612365301;-0.0789117875944
898;-0.42612365301;-0.118367681392
899;-0.394558937972;-0.118367681392
900;-0.449797189288;-0.0789117875944
901;-0.42612365301;-0.0789117875944
902;-0.42612365301;-0.149932396429
903;-0.42612365301;-0.0789117875944
904;-0.42612365301;-0.149932396429
905;-0.42612365301;-0.118367681392
906;-0.42612365301;-0.149932396429
907;-0.449797189288;-0.149932396429
908;-0.42612365301;-0.118367681392
909;-0.394558937972;-0.0789117875944
910;-0.42612365301;-0.149932396429
911;-0.42612365301;-0.0789117875944
912;-0.42612365301;-0.149932396429
913;-0.42612365301;-0.0789117875944
914;-0.449797189288;-0.149932396429
915;-0.449797189288;-0.118367681392
916;-0.42612365301;-0.149932396429
917;-0.449797189288;-0.118367681392
918;-0.42612365301;-0.118367681392
919;-0.42612365301;-0.0789117875944
920;-0.449797189288;-0.118367681392
921;-0.449797189288;-0.118367681392
922;-0.42612365301;-0.149932396429
923;-0.449797189288;-0.118367681392
924;-0.449797189288;-0.0789117875944
925;-0.449797189288;-0.149932396429
926;-0.42612365301;-0.118367681392
927;-0.42612365301;-0.149932396429
928;-0.394558937972;-0.118367681392
929;-0.42612365301;-0.149932396429
930;-0.394558937972;-0.149932396429
931;-0.42612365301;-0.149932396429
932;-0.394558937972;-0.149932396429
933;-0.394558937972;-0.149932396429
934;-0.394558937972;-0.149932396429
935;-0.394558937972;-0.118367681392
936;-0.42612365301;-0.118367681392
937;-0.42612365301;-0.149932396429
938;-0.42612365301;-0.118367681392
939;-0.42612365301;-0.149932396429
940;-0.42612365301;-0.118367681392
941;-0.42612365301;-0.118367681392
942;-0.42612365301;-0.149932396429
943;-0.394558937972;-0.118367681392
944;-0.394558937972;-0.0789117875944
945;-0.42612365301;-0.149932396429
946;-0.449797189288;-0.149932396429
947;-0.394558937972;-0.118367681392
948;-0.394558937972;-0.149932396429
949;-0.42612365301;-0.149932396429
950;-0.394558937972;-0.149932396429
951;-0.449797189288;-0.118367681392
952;-0.449797189288;-0.118367681392
953;-0.42612365301;-0.149932396429
954;-0.449797189288;-0.149932396429
955;-0.42612365301;-0.118367681392
956;-0.42612365301;-0.118367681392
957;-0.449797189288;-0.118367681392
958;-0.449797189288;-0.118367681392
959;-0.449797189288;-0.0789117875944
960;-0.449797189288;-0.149932396429
961;-0.449797189288;-0.149932396429
962;-0.449797189288;-0.0789117875944
963;-0.42612365301;-0.118367681392
964;-0.449797189288;-0.181497111467
965;-0.42612365301;-0.149932396429
966;-0.449797189288;-0.118367681392
967;-0.42612365301;-0.118367681392
968;-0.42612365301;-0.149932396429
969;-0.449797189288;-0.118367681392
970;-0.449797189288;-0.0789117875944
971;-0.449797189288;-0.118367681392
972;-0.449797189288;-0.149932396429
973;-0.42612365301;-0.149932396429
974;-0.42612365301;-0.149932396429
975;-0.42612365301;-0.118367681392
976;-0.42612365301;-0.118367681392
977;-0.42612365301;-0.149932396429
978;-0.449797189288;-0.118367681392
979;-0.449797189288;-0.118367681392
980;-0.42612365301;-0.0789117875944
981;-0.42612365301;-0.149932396429
982;-0.394558937972;-0.118367681392
983;-0.42612365301;-0.118367681392
