0;1.01007088121;2.46204777295
0;0.98639734493;2.39891834287
1;1.01007088121;2.35946244907
2;0.98639734493;2.296333019
3;0.98639734493;2.32789773404
4;1.01007088121;2.2568771252
5;1.01007088121;2.2568771252
6;0.98639734493;2.22531241016
7;1.01007088121;2.19374769512
8;1.04163559625;2.22531241016
9;1.01007088121;2.16218298009
10;1.01007088121;2.12272708629
11;0.954832629892;1.98857704738
12;0.954832629892;2.05959765621
13;0.923267914855;2.09116237125
14;1.01007088121;1.98857704738
15;2.65143606317;1.95701233234
16;3.0538861799;1.95701233234
17;3.94558937972;1.95701233234
18;4.17443356374;1.88599172351
19;5.17661326619;1.85442700847
20;7.1020608835;1.88599172351
21;6.69961076677;1.88599172351
22;11.3475150561;1.85442700847
23;11.0318679057;1.85442700847
24;7.76491989929;1.88599172351
25;4.75048961318;1.81497111467
26;3.45633629664;1.81497111467
27;17.5578727398;1.85442700847
28;6.78641373312;1.91755643854
29;23.7919039597;1.81497111467
30;19.3097144244;1.81497111467
31;16.7529725063;1.85442700847
32;20.3434588418;1.81497111467
33;23.0738066926;1.85442700847
34;27.2640226139;1.85442700847
35;24.9676895949;1.88599172351
36;27.9584463447;1.88599172351
37;27.3823902953;1.85442700847
38;23.9891834287;1.88599172351
39;23.7603392447;1.91755643854
40;25.1965337789;1.88599172351
41;23.1842831952;1.88599172351
42;19.8542057588;2.05959765621
43;33.5769656214;1.91755643854
44;16.1453517418;2.02014176242
45;5.55538984665;1.91755643854
46;4.20599827878;1.95701233234
47;3.80354816205;1.95701233234
48;3.40109804532;1.95701233234
49;3.25116564889;1.98857704738
50;3.16436268254;1.98857704738
51;3.10912443122;1.95701233234
52;3.08545089494;1.98857704738
53;2.93551849851;1.98857704738
54;2.93551849851;1.98857704738
55;2.8802802472;1.88599172351
56;2.82504199588;1.88599172351
57;2.79347728084;1.91755643854
58;2.73823902953;1.88599172351
59;2.7619125658;1.88599172351
60;2.79347728084;1.81497111467
61;2.73823902953;1.88599172351
62;2.70667431449;1.85442700847
63;2.73823902953;1.85442700847
64;2.70667431449;1.81497111467
65;2.73823902953;1.81497111467
66;2.68300077821;1.81497111467
67;2.61987134813;1.81497111467
68;2.61987134813;1.78340639963
69;2.59619781186;1.78340639963
70;2.59619781186;1.7518416846
71;2.56463309682;1.78340639963
72;2.59619781186;1.7518416846
73;2.5093948455;1.7518416846
74;2.5093948455;1.68082107576
75;2.47783013046;1.7518416846
76;2.44626541543;1.68082107576
77;2.47783013046;1.7123857908
78;2.47783013046;1.68082107576
79;2.5093948455;1.64925636072
80;2.44626541543;1.68082107576
81;2.44626541543;1.64925636072
82;2.44626541543;1.61769164569
83;2.39102716411;1.64925636072
84;2.39102716411;1.61769164569
85;2.42259187915;1.61769164569
86;2.39102716411;1.61769164569
87;2.42259187915;1.61769164569
88;2.39102716411;1.57823575189
89;2.42259187915;1.57823575189
90;2.39102716411;1.61769164569
91;2.33578891279;1.54667103685
92;2.33578891279;1.61769164569
93;2.33578891279;1.57823575189
94;2.33578891279;1.57823575189
95;2.33578891279;1.51510632181
96;2.33578891279;1.51510632181
97;2.33578891279;1.54667103685
98;2.33578891279;1.54667103685
99;2.30422419776;1.47565042802
100;2.30422419776;1.51510632181
101;2.30422419776;1.51510632181
102;2.28055066148;1.44408571298
103;2.30422419776;1.44408571298
104;2.28055066148;1.44408571298
105;2.28055066148;1.41252099794
106;2.24898594644;1.44408571298
107;2.2174212314;1.41252099794
108;2.24898594644;1.37306510414
109;2.24898594644;1.41252099794
110;2.24898594644;1.41252099794
111;2.2174212314;1.34150038911
112;2.24898594644;1.37306510414
113;2.2174212314;1.34150038911
114;2.19374769512;1.34150038911
115;2.2174212314;1.34150038911
116;2.19374769512;1.37306510414
117;2.2174212314;1.34150038911
118;2.19374769512;1.30993567407
119;2.16218298009;1.30993567407
120;2.19374769512;1.34150038911
121;2.13061826505;1.27047978027
122;2.16218298009;1.34150038911
123;2.13061826505;1.27047978027
124;2.16218298009;1.23891506523
125;2.13061826505;1.30993567407
126;2.10694472877;1.27047978027
127;2.10694472877;1.23891506523
128;2.10694472877;1.23891506523
129;2.13061826505;1.23891506523
130;2.07538001373;1.23891506523
131;2.10694472877;1.23891506523
132;2.13061826505;1.23891506523
133;2.07538001373;1.20735035019
134;2.07538001373;1.23891506523
135;2.07538001373;1.20735035019
136;2.0438152987;1.23891506523
137;2.07538001373;1.20735035019
138;2.07538001373;1.1678944564
139;2.10694472877;1.1678944564
140;2.10694472877;1.1678944564
141;2.07538001373;1.20735035019
142;2.07538001373;1.1678944564
143;2.07538001373;1.1678944564
144;2.07538001373;1.1678944564
145;2.0438152987;1.1678944564
146;2.0438152987;1.1678944564
147;2.07538001373;1.13632974136
148;2.0438152987;1.13632974136
149;2.02014176242;1.13632974136
150;2.02014176242;1.10476502632
151;2.0438152987;1.13632974136
152;1.98857704738;1.13632974136
153;2.02014176242;1.10476502632
154;2.0438152987;1.06530913252
155;2.02014176242;1.06530913252
156;2.02014176242;1.06530913252
157;2.02014176242;1.10476502632
158;2.02014176242;1.03374441749
159;2.02014176242;1.10476502632
160;1.98857704738;1.03374441749
161;1.98857704738;1.03374441749
162;1.98857704738;1.03374441749
163;1.93333879606;1.06530913252
164;1.98857704738;1.03374441749
165;1.93333879606;1.03374441749
166;1.93333879606;1.00217970245
167;1.93333879606;1.00217970245
168;1.93333879606;1.06530913252
169;1.93333879606;1.00217970245
170;1.93333879606;1.00217970245
171;1.9649035111;1.03374441749
172;1.93333879606;1.03374441749
173;1.93333879606;1.00217970245
174;1.90177408103;1.00217970245
175;1.93333879606;1.00217970245
176;1.90177408103;0.970614987411
177;1.93333879606;0.970614987411
178;1.90177408103;1.00217970245
179;1.93333879606;0.970614987411
180;1.87810054475;1.00217970245
181;1.90177408103;0.931159093614
182;1.90177408103;0.931159093614
183;1.90177408103;0.931159093614
184;1.90177408103;0.899594378576
185;1.87810054475;0.899594378576
186;1.90177408103;0.899594378576
187;1.90177408103;0.899594378576
188;1.87810054475;0.899594378576
189;1.87810054475;0.899594378576
190;1.84653582971;0.931159093614
191;1.84653582971;0.931159093614
192;1.81497111467;0.868029663539
193;1.84653582971;0.931159093614
194;1.81497111467;0.868029663539
195;1.81497111467;0.868029663539
196;1.81497111467;0.868029663539
197;1.84653582971;0.868029663539
198;1.81497111467;0.868029663539
199;1.81497111467;0.899594378576
200;1.81497111467;0.828573769741
201;1.84653582971;0.828573769741
202;1.84653582971;0.828573769741
203;1.81497111467;0.868029663539
204;1.84653582971;0.868029663539
205;1.84653582971;0.868029663539
206;1.81497111467;0.868029663539
207;1.79129757839;0.828573769741
208;1.79129757839;0.797009054704
209;1.79129757839;0.828573769741
210;1.81497111467;0.868029663539
211;1.81497111467;0.797009054704
212;1.75973286336;0.797009054704
213;1.72816814832;0.828573769741
214;1.79129757839;0.828573769741
215;1.79129757839;0.828573769741
216;1.79129757839;0.765444339666
217;1.79129757839;0.797009054704
218;1.79129757839;0.797009054704
219;1.75973286336;0.828573769741
220;1.75973286336;0.765444339666
221;1.79129757839;0.828573769741
222;1.75973286336;0.797009054704
223;1.75973286336;0.765444339666
224;1.75973286336;0.797009054704
225;1.72816814832;0.797009054704
226;1.79129757839;0.765444339666
227;1.72816814832;0.797009054704
228;1.72816814832;0.725988445869
229;1.75973286336;0.765444339666
230;1.72816814832;0.797009054704
231;1.75973286336;0.725988445869
232;1.72816814832;0.725988445869
233;1.72816814832;0.765444339666
234;1.72816814832;0.765444339666
235;1.72816814832;0.725988445869
236;1.72816814832;0.725988445869
237;1.70449461204;0.725988445869
238;1.70449461204;0.725988445869
239;1.70449461204;0.725988445869
240;1.70449461204;0.797009054704
241;1.70449461204;0.797009054704
242;1.672929897;0.765444339666
243;1.672929897;0.725988445869
244;1.64136518196;0.797009054704
245;1.64136518196;0.725988445869
246;1.64136518196;0.725988445869
247;1.672929897;0.694423730831
248;1.672929897;0.725988445869
249;1.64136518196;0.765444339666
250;1.64136518196;0.725988445869
251;1.672929897;0.725988445869
252;1.672929897;0.765444339666
253;1.61769164569;0.725988445869
254;1.672929897;0.725988445869
255;1.64136518196;0.765444339666
256;1.64136518196;0.765444339666
257;1.61769164569;0.765444339666
258;1.64136518196;0.694423730831
259;1.64136518196;0.725988445869
260;1.58612693065;0.765444339666
261;1.64136518196;0.765444339666
262;1.64136518196;0.694423730831
263;1.61769164569;0.725988445869
264;1.61769164569;0.725988445869
265;1.61769164569;0.725988445869
266;1.58612693065;0.56027369192
267;1.58612693065;0.725988445869
268;1.61769164569;0.725988445869
269;1.64136518196;0.725988445869
270;1.61769164569;0.662859015793
271;1.58612693065;0.694423730831
272;1.61769164569;0.355103044175
273;1.53088867933;1.13632974136
274;1.56245339437;0.56027369192
275;1.56245339437;0.623403121996
276;1.56245339437;0.591838406958
277;1.56245339437;0.591838406958
278;1.56245339437;0.623403121996
279;1.49932396429;0.252517720302
280;1.58612693065;0.56027369192
281;1.56245339437;0.489253083085
282;1.58612693065;0.457688368048
283;1.56245339437;0.457688368048
284;1.56245339437;0.520817798123
285;1.56245339437;0.489253083085
286;1.56245339437;0.489253083085
287;1.56245339437;0.520817798123
288;1.56245339437;0.489253083085
289;1.53088867933;0.489253083085
290;1.56245339437;0.457688368048
291;1.56245339437;0.520817798123
292;1.56245339437;0.520817798123
293;1.53088867933;0.489253083085
294;1.53088867933;0.489253083085
295;1.56245339437;0.489253083085
296;1.53088867933;0.489253083085
297;1.53088867933;0.520817798123
298;1.56245339437;0.457688368048
299;1.53088867933;0.457688368048
300;1.53088867933;0.489253083085
301;1.53088867933;0.457688368048
302;1.49932396429;0.457688368048
303;1.56245339437;0.457688368048
304;1.53088867933;0.489253083085
305;1.53088867933;0.489253083085
306;1.49932396429;0.489253083085
307;1.49932396429;0.457688368048
308;1.49932396429;0.489253083085
309;1.49932396429;0.489253083085
310;1.49932396429;0.457688368048
311;1.53088867933;0.41823247425
312;1.49932396429;0.41823247425
313;1.47565042802;0.41823247425
314;1.47565042802;0.457688368048
315;1.53088867933;0.41823247425
316;1.49932396429;0.489253083085
317;1.47565042802;0.457688368048
318;1.47565042802;0.457688368048
319;1.49932396429;0.41823247425
320;1.44408571298;0.457688368048
321;1.44408571298;0.457688368048
322;1.49932396429;0.41823247425
323;1.47565042802;0.41823247425
324;1.44408571298;0.41823247425
325;1.49932396429;0.41823247425
326;1.44408571298;0.41823247425
327;1.49932396429;0.41823247425
328;1.44408571298;0.457688368048
329;1.44408571298;0.41823247425
330;1.44408571298;0.41823247425
331;1.47565042802;0.457688368048
332;1.44408571298;0.386667759213
333;1.44408571298;0.41823247425
334;1.44408571298;0.41823247425
335;1.44408571298;0.41823247425
336;1.44408571298;0.41823247425
337;1.44408571298;0.386667759213
338;1.44408571298;0.386667759213
339;1.44408571298;0.41823247425
340;1.44408571298;0.41823247425
341;1.44408571298;0.41823247425
342;1.44408571298;0.386667759213
343;1.44408571298;0.41823247425
344;1.44408571298;0.355103044175
345;1.47565042802;0.386667759213
346;1.49932396429;0.41823247425
347;1.47565042802;0.355103044175
348;1.44408571298;0.386667759213
349;1.44408571298;0.386667759213
350;1.53088867933;0.181497111467
351;1.44408571298;0.355103044175
352;1.38884746166;0.355103044175
353;1.72816814832;0.355103044175
354;2.84871553216;0.386667759213
355;4.54531896544;0.386667759213
356;5.61062809796;0.323538329137
357;3.22749211261;0.323538329137
358;9.24846150607;0.323538329137
359;10.1717294209;0.355103044175
360;9.87975580682;0.355103044175
361;21.1720326116;0.355103044175
362;15.253648542;0.355103044175
363;15.1431720394;0.355103044175
364;16.7529725063;0.355103044175
365;14.827524889;0.355103044175
366;16.0033105241;0.386667759213
367;14.6775924926;0.457688368048
368;15.6008604074;0.457688368048
369;18.2128405768;0.386667759213
370;20.8563854612;0.457688368048
371;22.1821034928;0.457688368048
372;19.7674027924;0.457688368048
373;19.8226410437;0.457688368048
374;17.6999139574;0.520817798123
375;17.384266807;0.489253083085
376;19.0493055253;0.520817798123
377;23.7603392447;0.56027369192
378;24.8808866285;0.520817798123
379;24.9361248798;0.520817798123
380;21.2588355779;0.591838406958
381;18.7573319112;0.662859015793
382;15.024804358;0.725988445869
383;3.68518048066;0.694423730831
384;1.47565042802;0.765444339666
385;1.16000327764;0.725988445869
386;0.725988445869;0.765444339666
387;-1.39673864042;0.725988445869
388;-0.110476502632;0.797009054704
389;0.0946941451133;0.765444339666
390;0.00789117875944;0.765444339666
391;-0.110476502632;0.797009054704
392;-0.0473470725566;0.797009054704
393;-0.0473470725566;0.797009054704
394;-0.0473470725566;0.765444339666
395;-0.0236735362783;0.765444339666
396;-0.0236735362783;0.797009054704
397;-0.0473470725566;0.725988445869
398;-0.0236735362783;0.765444339666
399;-0.0236735362783;0.725988445869
400;-0.0236735362783;0.765444339666
401;0.00789117875944;0.828573769741
402;-0.0236735362783;0.797009054704
403;0.00789117875944;0.765444339666
404;-0.0236735362783;0.797009054704
405;0.00789117875944;0.725988445869
406;0.0394558937972;0.797009054704
407;-0.0236735362783;0.725988445869
408;-0.0236735362783;0.725988445869
409;-0.0236735362783;0.765444339666
410;0.00789117875944;0.765444339666
411;0.00789117875944;0.765444339666
412;0.00789117875944;0.725988445869
413;0.00789117875944;0.828573769741
414;-0.0236735362783;0.868029663539
415;0.00789117875944;0.828573769741
416;-0.0236735362783;0.868029663539
417;0.00789117875944;0.899594378576
418;0.00789117875944;0.868029663539
419;-0.0236735362783;0.797009054704
420;0.00789117875944;0.828573769741
421;0.00789117875944;0.899594378576
422;-0.0236735362783;0.931159093614
423;-0.0236735362783;0.931159093614
424;0.00789117875944;0.931159093614
425;0.00789117875944;0.931159093614
426;0.0394558937972;0.970614987411
427;0.0394558937972;0.931159093614
428;0.00789117875944;0.970614987411
429;0.0394558937972;0.970614987411
430;0.0394558937972;0.899594378576
431;0.00789117875944;0.899594378576
432;0.0394558937972;0.931159093614
433;0.0394558937972;0.931159093614
434;0.0394558937972;0.868029663539
435;0.00789117875944;0.868029663539
436;0.0394558937972;0.899594378576
437;0.0394558937972;0.828573769741
